,CZ010,CZ020,CZ031,CZ032,CZ041,CZ042,CZ051,CZ052,CZ053,CZ063,CZ064,CZ071,CZ072,CZ080,PL21,PL22,PL41,PL42,PL43,PL51,PL52,PL61,PL62,PL63,PL71,PL72,PL81,PL82,PL84,PL9,SE110,SE121,SE122,SE123,SE124,SE125,SE211,SE212,SE213,SE214,SE221,SE224,SE231,SE232,SE311,SE312,SE313,SE321,SE322,SE331,SE332
CZ010,0.0,0.9538807379362911,0.9833914102144649,0.979870705358028,0.9830418904119124,0.944322236675967,0.9594059218150358,0.9651494206870785,0.9667463694960841,0.982143461799998,0.9371843733974853,0.9612623579758565,0.9519942893165155,0.9134778644219195,0.9968698840191802,1.0594439224589685,1.0425614909096799,0.9753348184114756,0.973633042311684,0.9933862480423676,0.9609161635197974,0.9679825643688009,0.9782146078515896,0.971735379658402,0.9753297550674993,0.9589486785454692,0.9815876323928237,0.9680528510446061,0.9780472323935432,1.2177665089175902,0.8833017921759081,0.9967510039212732,0.9987847365918059,0.9953463710008331,1.0036035707112767,0.9976579920972348,1.0020342776627578,1.0119073166374153,1.0110248704538543,1.019446032636367,1.0018103854684848,0.9520027483729147,0.992721910345283,0.9764491355714615,1.0119741951011059,1.0140338495057541,1.0118997579749374,1.015108398570651,1.0227892497356783,1.0166402311797083,1.0183289059039395
CZ020,0.9538807379362911,0.0,0.1321705173212371,0.14289410857200235,0.19491684710080376,0.09620937568460684,0.16789481237352782,0.1466156798246141,0.15329252301309607,0.1555587452087295,0.03325928996856111,0.13085687373062863,0.14071835300021057,0.04574546992542004,0.3888070931161928,0.6210772995454564,0.4061804848252039,0.07470363248824527,0.0612953734060008,0.2983671889901161,0.06281405907446386,0.14356712105541022,0.031999610248578114,0.18544582410642088,0.2206709555648454,0.014140837243133707,0.1542947433113435,0.15139350197668847,0.03554128470163739,0.7605204200489365,0.22044551637674503,0.18062723703055059,0.19660565147651424,0.1655747373695305,0.19605191291310306,0.20040719364827228,0.18517681131431507,0.21610079749520766,0.20805864334582944,0.2428425639894242,0.2221895146011642,0.009846372900709064,0.18915290707427768,0.0777371440041059,0.20164880113896352,0.20110034777911873,0.20074948001648427,0.2088875053461291,0.23078440302668393,0.20454776342615721,0.2087460833359547
CZ031,0.9833914102144649,0.1321705173212371,0.0,0.012620761438930263,0.06511008541147426,0.049896151061174766,0.04775455557506945,0.026254011960816198,0.030421748974985983,0.02468584719760636,0.10884021620942186,0.022378237302165434,0.03445653917454374,0.12559162115630768,0.520754668182779,0.75324073200055,0.5368487001529617,0.20283928602914564,0.07198059254192206,0.4296803930506974,0.0697244232308838,0.2746010967645096,0.15160067811220143,0.3166526339872804,0.35202333315267464,0.1183497042257516,0.28407017882702396,0.2825079935189563,0.10417872136200867,0.8913497483895001,0.34939228777111386,0.048479268894480766,0.06458213816832895,0.03344976313043191,0.06388139563796194,0.06853764238098012,0.0530409486857407,0.08393648014946527,0.0759380388463993,0.11067649605573973,0.09048019341582685,0.14200997002199173,0.05747530502964361,0.20573310554068935,0.06970277747352144,0.06934458252129434,0.06882471092503624,0.07695158802277059,0.0987664515279904,0.07290290892150594,0.0770838297997483
CZ032,0.979870705358028,0.14289410857200235,0.012620761438930263,0.0,0.05297530626739796,0.05567960389886459,0.035699052293433065,0.016233098259739398,0.018758248784652622,0.012703500728107648,0.11816218320237258,0.020524082995961198,0.02796659458508631,0.13348905419533236,0.531682717830227,0.7638917808818041,0.5482459480891334,0.214365429456525,0.08347176732422613,0.4408836168744606,0.08013081599566942,0.2858244666210848,0.16329801059471175,0.3278548581551166,0.3631956945561973,0.12924005659368448,0.29553651237280565,0.2937168958774549,0.11593726343346765,0.9027389909811849,0.3586868559069251,0.03824608179412272,0.05383131564075587,0.02449898266807155,0.05377254779836416,0.05753327106577372,0.043419332481471166,0.07382955255591248,0.06612185983956471,0.10026723764745601,0.07930005348304497,0.15270540155381687,0.04625904618097113,0.21728081356187479,0.06040640006880295,0.060386132819116506,0.05958221901237696,0.06759044117935742,0.0890778635388471,0.06405105185450245,0.06814961342658568
CZ041,0.9830418904119124,0.19491684710080376,0.06511008541147426,0.05297530626739796,0.0,0.10240957615119059,0.033001771968065564,0.049014321149480386,0.042364019234937086,0.04043629876024832,0.16831798031940698,0.06481340311032803,0.05874985422879659,0.180829914038703,0.5836141595675718,0.815297014664548,0.6008164352448383,0.2671371092010391,0.13633161315096423,0.49323617451220036,0.13214401507688478,0.3382610252235739,0.21619972767063272,0.3802452156451949,0.41553359378201843,0.18150080200214722,0.34822737453382435,0.34613204145113746,0.1688804850821657,0.9552725934980042,0.40760141685140716,0.02339982198320675,0.01600928935800094,0.03641931361178843,0.021206263734171713,0.014687407994618044,0.024886713424506834,0.031613608511798265,0.02837565563909448,0.0528856119398723,0.029585883034044243,0.2046617934413765,0.013027556698494142,0.2700680256479791,0.02903911754335436,0.031239115106367014,0.029059382142909283,0.03230890524755358,0.04651911687246597,0.033624790245950754,0.03537163164823271
CZ042,0.944322236675967,0.09620937568460684,0.049896151061174766,0.05567960389886459,0.10240957615119059,0.0,0.07269046433804592,0.053468360957513276,0.060062481073741396,0.06688941369930791,0.06668013841738979,0.037939563420249935,0.045100454798047716,0.07865889359923525,0.4827876920116688,0.7136411914040236,0.5016891975149429,0.17068503753613493,0.04879848918179646,0.3935128990664856,0.03784089060657606,0.23931833751027126,0.12237802310652639,0.28094423669698826,0.3159443684070277,0.0841475317952786,0.25043480584483074,0.24706790532567177,0.07863227297582114,0.8557248319437778,0.30521575972146936,0.0930706540615951,0.10752909018924481,0.0801646500561343,0.10836691510635718,0.11063071857485499,0.09862218626126577,0.12808952037425905,0.12083178507258446,0.15369371100540025,0.13134045777315265,0.1055225765222123,0.09932745102284729,0.17370530112184995,0.11561626916961265,0.11578837954337093,0.11483414958352814,0.1226882642687671,0.14367770823978068,0.11948057656481705,0.12351439126006693
CZ051,0.9594059218150358,0.16789481237352782,0.04775455557506945,0.035699052293433065,0.033001771968065564,0.07269046433804592,0.0,0.022990856166418952,0.017415976202334787,0.02834120457486565,0.13935589224835135,0.03758391132676303,0.027624376827523937,0.14997371899674738,0.5554546857562398,0.7862872396673627,0.573982809081159,0.2415764600413138,0.11239047706480063,0.46594947133326914,0.10598470831239784,0.3114239488655941,0.19160682405611473,0.3532070990995889,0.3883158345548278,0.1550570735798535,0.3221028354312846,0.31922437569135165,0.14506804319694794,0.9281783238189504,0.3768317596856419,0.03761021088604873,0.044322584019493926,0.037496252598206166,0.04777755859972374,0.04549579249302994,0.04326003834461839,0.06371628832244249,0.05872607378085536,0.0858372507873795,0.06244657530300808,0.17744717022710307,0.03634740737372651,0.24456249835078492,0.05657430111600283,0.05800993517504754,0.05617208158027495,0.06203553698568097,0.07912679268340449,0.06135459187533164,0.06434665910940976
CZ052,0.9651494206870785,0.1466156798246141,0.026254011960816198,0.016233098259739398,0.049014321149480386,0.053468360957513276,0.022990856166418952,0.0,0.006699624018653065,0.017879090927172648,0.11935255513744228,0.01585249339298222,0.013908596788242229,0.13205494996256598,0.5349877695806483,0.766425744237016,0.5527823256322159,0.21972018613466934,0.0898245981129606,0.44496162325021255,0.08414467155793207,0.29016163239364656,0.16937328750508412,0.3320614961813982,0.36727402819464283,0.13346977929429696,0.30051991711430354,0.2980003371573505,0.12255121436767287,0.9071354668273964,0.3586812731060819,0.04167046987122713,0.05468263672092176,0.032477174567227186,0.05618699995948047,0.05747806978334981,0.04763195464075968,0.07533379165078707,0.06854997098672344,0.10040822297510678,0.07788546954548863,0.15628436784892608,0.0463194576714123,0.2226879135000744,0.06413993563348258,0.06475017630585687,0.0634592785402603,0.07088219567831221,0.0910513301195166,0.06843893537522394,0.07222129574881483
CZ053,0.9667463694960841,0.15329252301309607,0.030421748974985983,0.018758248784652622,0.042364019234937086,0.060062481073741396,0.017415976202334787,0.006699624018653065,0.0,0.015429751041805193,0.1260408462544256,0.02255132140506615,0.01839063122302253,0.1385886158820425,0.5416862382587809,0.7731215266194592,0.5594513884292489,0.22632603367320683,0.09627124204333357,0.4516448928187702,0.09078059358599092,0.29683091205694867,0.17590717093735436,0.3387376358085194,0.37395555449687995,0.14012228867930374,0.30715846853911677,0.30467214167563916,0.12900359204703948,0.913812928803673,0.36527587472513545,0.036380105126183004,0.048590983103673775,0.029097374171033693,0.05039372146046547,0.05120940561441029,0.042415653190829496,0.06921805707152656,0.06264955475100789,0.09400962843571327,0.07135833760555817,0.16296732385747933,0.04017795668376082,0.2292904959910176,0.05856652070039878,0.05932731104896162,0.05792739926414992,0.06515008389724414,0.08495520671901452,0.06298750116285777,0.06666083935788668
CZ063,0.982143461799998,0.1555587452087295,0.02468584719760636,0.012703500728107648,0.04043629876024832,0.06688941369930791,0.02834120457486565,0.017879090927172648,0.015429751041805193,0.0,0.1305000588274772,0.029648163637350088,0.031787335570506114,0.14524088572894212,0.5443576381891732,0.7765173429877607,0.5609486921680276,0.22705803222018242,0.09615789031934684,0.4535841726072314,0.09277363227406733,0.298526635891153,0.17596389844022928,0.340555985080563,0.3758951694025203,0.1419263359554362,0.3082352387515831,0.30641852660662905,0.12858518975283278,0.9154421282833607,0.37090893356956345,0.026203873097674066,0.0413394379494847,0.014679984506934933,0.04162066629199425,0.04493365630753205,0.03174616720273087,0.061570325595771296,0.05406023742654648,0.08781341208714191,0.06663164908397094,0.1653642707720849,0.033619318786573475,0.22997130182623943,0.048728274017223634,0.048952291405314166,0.047950971868518204,0.05580500175988453,0.07698972749444508,0.052653407293318154,0.05665144823054842
CZ064,0.9371843733974853,0.03325928996856111,0.10884021620942186,0.11816218320237258,0.16831798031940698,0.06668013841738979,0.13935589224835135,0.11935255513744228,0.1260408462544256,0.1305000588274772,0.0,0.10351572151544607,0.11178025332144877,0.024685954549620814,0.4161076827539899,0.6471201198916912,0.4352721934309507,0.10701696006561098,0.04624427239758038,0.3269865112857117,0.04065345921724518,0.17325632147379422,0.06446618563949545,0.2146387178871104,0.24950072842645893,0.02686914925607866,0.1849344407180744,0.180927573890277,0.040995532878880026,0.7891541942963147,0.24059365358451093,0.15640575341942778,0.17183337666622506,0.1420410745941964,0.17193403377751254,0.1753166171227561,0.1614521669030926,0.19198882512575097,0.1842586855443533,0.2183065539973352,0.19665218305301402,0.041081266773547134,0.16395485373793717,0.11005096742033513,0.1783358503916771,0.1781010834637792,0.17747976058054482,0.18556770290087646,0.20720563000343648,0.18169214138959702,0.18585965306239502
CZ071,0.9612623579758565,0.13085687373062863,0.022378237302165434,0.020524082995961198,0.06481340311032803,0.037939563420249935,0.03758391132676303,0.01585249339298222,0.02255132140506615,0.029648163637350088,0.10351572151544607,0.0,0.014198911682998229,0.11659831143208986,0.5191465018946133,0.7505752274738999,0.5370367156376391,0.20416985518724573,0.07484981562369997,0.42917388901998105,0.06854672042122176,0.27441928131377036,0.15404478698988097,0.31629718380250993,0.35149246595679895,0.11779312582115324,0.28486800205827245,0.2822500627011562,0.107499122291809,0.8913636498359677,0.34304201031004555,0.055539986979299606,0.06963123808523652,0.043817808591415486,0.070645539925104,0.07269276335790446,0.06126955074007345,0.09022912877509814,0.08310294319470728,0.1157545399401823,0.09347735598449251,0.14050395006297134,0.06139855148533626,0.20714662492181632,0.07816122709868265,0.07850544529487352,0.07741515940387672,0.08512927423723628,0.10586535774994559,0.08221073517386603,0.08615639281599531
CZ072,0.9519942893165155,0.14071835300021057,0.03445653917454374,0.02796659458508631,0.05874985422879659,0.045100454798047716,0.027624376827523937,0.013908596788242229,0.01839063122302253,0.031787335570506114,0.11178025332144877,0.014198911682998229,0.0,0.1225221480817477,0.5278879357028209,0.7586633749366977,0.5466302777072586,0.21474431501384864,0.08701414198829388,0.43852274302000704,0.07946413875292516,0.2841419155476487,0.1652774913117474,0.32585941988826256,0.3609189812392188,0.1281120935960179,0.2950056641775822,0.29192118862783517,0.1193776196251288,0.9007480185422805,0.3494058429342603,0.054767612361460695,0.0666127168346697,0.04637115888291946,0.06866373073743456,0.0689541399364916,0.06079888426776966,0.08714633285594578,0.08082437012762474,0.11129039199020735,0.08825021349098794,0.1501950289373066,0.058177148431938636,0.21774499849321005,0.07691961531830069,0.07771053332309635,0.07629180126416087,0.08343339114406625,0.10287940342100445,0.08136561013094427,0.08501273471639909
CZ080,0.9134778644219195,0.04574546992542004,0.12559162115630768,0.13348905419533236,0.180829914038703,0.07865889359923525,0.14997371899674738,0.13205494996256598,0.1385886158820425,0.14524088572894212,0.024685954549620814,0.11659831143208986,0.1225221480817477,0.0,0.4082310954941533,0.6373742326646065,0.42969874685996506,0.11061168873203149,0.06965417603593714,0.3211302406979565,0.061767186324938356,0.17031384668473082,0.0771996371242762,0.21040085553519702,0.24441818215646555,0.04627544236190835,0.18334379943337512,0.17762965939471836,0.06467988972558328,0.7824244149726561,0.22688374313290902,0.17143964381452448,0.18614960981660356,0.15789789087215353,0.18684156320444167,0.1892869129443958,0.17684138305977098,0.20666760979323306,0.19929452490508354,0.23235259603506714,0.2099374093673362,0.04937989697901718,0.17797570879090088,0.11354356375752744,0.19385086760093617,0.19387475040377466,0.1930405567252505,0.2009947041150086,0.22219872290176923,0.1975397208850739,0.2016366091366211
PL21,0.9968698840191802,0.3888070931161928,0.520754668182779,0.531682717830227,0.5836141595675718,0.4827876920116688,0.5554546857562398,0.5349877695806483,0.5416862382587809,0.5443576381891732,0.4161076827539899,0.5191465018946133,0.5278879357028209,0.4082310954941533,0.0,0.23388482376133796,0.04570879444080206,0.31950125107285143,0.4489710366439826,0.09349552355974061,0.45161770326897477,0.2467276388385989,0.37094517815224587,0.20481805471660078,0.1695079243673185,0.40245779333624876,0.23918335139364175,0.23879643396585876,0.41778955102112536,0.3747236054952885,0.19635147808416126,0.5692292574669772,0.5853071240609766,0.5540192216145641,0.5845642871769828,0.5891631324239448,0.5735876544439751,0.6045350452176497,0.5963894903446959,0.6313651592260445,0.6109827690859964,0.37901752853666476,0.5779352332230486,0.3167970033907826,0.5897723702558427,0.5890510843112212,0.5888556608283536,0.5969687307018989,0.6188868229085321,0.5923838443629036,0.5965682795525671
PL22,1.0594439224589685,0.6210772995454564,0.75324073200055,0.7638917808818041,0.815297014664548,0.7136411914040236,0.7862872396673627,0.766425744237016,0.7731215266194592,0.7765173429877607,0.6471201198916912,0.7505752274738999,0.7586633749366977,0.6373742326646065,0.23388482376133796,0.0,0.22980223959949073,0.5530588734477141,0.6817364401100169,0.3271919532430676,0.6837628593339578,0.48020713608501003,0.604384524847188,0.4384613737662266,0.4032546665321276,0.6349058215121628,0.4730308896869476,0.47228668036228044,0.6509589846617866,0.1705628942227632,0.41475180525437494,0.8017043012080577,0.817664747282426,0.7866168625942954,0.8171194992339269,0.8214250087311719,0.8062141966921091,0.837153718650214,0.8290748367489342,0.8639168625075773,0.8431235499154488,0.6112435645087902,0.8101357001062905,0.5503951957205694,0.822567542577434,0.8219234158376721,0.8216586672297145,0.8297881790605703,0.8517074232553934,0.8253044679139802,0.8294972993842924
PL41,1.0425614909096799,0.4061804848252039,0.5368487001529617,0.5482459480891334,0.6008164352448383,0.5016891975149429,0.573982809081159,0.5527823256322159,0.5594513884292489,0.5609486921680276,0.4352721934309507,0.5370367156376391,0.5466302777072586,0.42969874685996506,0.04570879444080206,0.22980223959949073,0.0,0.33405613302000703,0.4648743335548623,0.10857246121792398,0.4687484355951352,0.2626207025893312,0.38549881448855877,0.22077614545404498,0.1857715687478723,0.4193696188457686,0.2528016290843227,0.2547870289337511,0.43287105203058046,0.35450122191439526,0.22930826355161193,0.5851254896694529,0.6013622341596305,0.5697342769241431,0.6002395086074399,0.6053789334130735,0.5891610327836005,0.6200054215886944,0.6117509436050907,0.646876310140332,0.6273288934814125,0.39656111638899655,0.5943067027524563,0.3311922105025087,0.6049201547419337,0.6040262992623724,0.6039894134449688,0.6120353063546948,0.6338729000204382,0.6072334226751092,0.6113825535868012
PL42,0.9753348184114756,0.07470363248824527,0.20283928602914564,0.214365429456525,0.2671371092010391,0.17068503753613493,0.2415764600413138,0.21972018613466934,0.22632603367320683,0.22705803222018242,0.10701696006561098,0.20416985518724573,0.21474431501384864,0.11061168873203149,0.31950125107285143,0.5530588734477141,0.33405613302000703,0.0,0.13090614791793656,0.2273834492630411,0.13562393491446584,0.07285894793930352,0.05154130986078924,0.11468594961100467,0.15004310970507365,0.08664822633375882,0.08125460658417226,0.08077412503780745,0.09882213695556553,0.6885458729605725,0.169736969072786,0.25107156590334334,0.2673156535376914,0.23567839088401643,0.26618836696661563,0.2713498003839379,0.2551157318195872,0.2859820099805075,0.277743740164036,0.3128549082589774,0.29331046201290806,0.06598129414938543,0.26031282215956547,0.0030366124046580637,0.270959838044203,0.270118502583735,0.27003248859358786,0.2781024163757644,0.2999781750895185,0.27337346770479454,0.27753918736217303
PL43,0.973633042311684,0.0612953734060008,0.07198059254192206,0.08347176732422613,0.13633161315096423,0.04879848918179646,0.11239047706480063,0.0898245981129606,0.09627124204333357,0.09615789031934684,0.04624427239758038,0.07484981562369997,0.08701414198829388,0.06965417603593714,0.4489710366439826,0.6817364401100169,0.4648743335548623,0.13090614791793656,0.0,0.3577247039326033,0.013601440179160365,0.20264908874285248,0.0798744112284525,0.24470488116517028,0.2800857620902112,0.04718960627372006,0.2121108262043229,0.21056123723414344,0.03273241943354122,0.8193755168664554,0.2812720781023495,0.12035955955238178,0.1365399928619625,0.1050717403929044,0.13562271483789695,0.14051803493728335,0.1246226659992864,0.15556711026123335,0.14741967540321388,0.18240875776197862,0.16245780663926077,0.07109861485734154,0.1294327553655261,0.1338152659813711,0.14084211066417607,0.14018772280083194,0.13993054783501013,0.14805647121060053,0.16997738842135868,0.14357981479840354,0.14777493702297137
PL51,0.9933862480423676,0.2983671889901161,0.4296803930506974,0.4408836168744606,0.49323617451220036,0.3935128990664856,0.46594947133326914,0.44496162325021255,0.4516448928187702,0.4535841726072314,0.3269865112857117,0.42917388901998105,0.43852274302000704,0.3211302406979565,0.09349552355974061,0.3271919532430676,0.10857246121792398,0.2273834492630411,0.3577247039326033,0.0,0.36109300298042796,0.15507931274853548,0.27892375459995006,0.11303168086072955,0.07770258394635413,0.3117414873441883,0.14645610654519162,0.1471749138203367,0.32608313281745327,0.46222910178158627,0.13158984980305527,0.47808328662494853,0.4942581104251429,0.4627660757880841,0.4933113520693618,0.4982054617621316,0.4822744153681949,0.5131890440965587,0.5049832516189621,0.5400558424598426,0.5201116353742544,0.28867757876418,0.4870581001258373,0.22460268360276678,0.49825590446267476,0.49745068746521504,0.49733173916752205,0.5054173931560411,0.5273102203522012,0.5007260494563405,0.5048966177588207
PL52,0.9609161635197974,0.06281405907446386,0.0697244232308838,0.08013081599566942,0.13214401507688478,0.03784089060657606,0.10598470831239784,0.08414467155793207,0.09078059358599092,0.09277363227406733,0.04065345921724518,0.06854672042122176,0.07946413875292516,0.061767186324938356,0.45161770326897477,0.6837628593339578,0.4687484355951352,0.13562393491446584,0.013601440179160365,0.36109300298042796,0.0,0.20614823477644165,0.08581402523799794,0.24811145380715963,0.2833904551992009,0.04937909472561261,0.2163779175234832,0.21400928113094012,0.04082427905051617,0.8231673911708774,0.28014067222855255,0.1180418818493339,0.1339139937989765,0.10317247155872347,0.133522533029166,0.1376630744134414,0.122753611090876,0.15360289376399483,0.14565088461224165,0.18025398966563594,0.15940344535862433,0.07260181744487283,0.1263840950172633,0.13860231151977465,0.13941307824934496,0.13899703811240424,0.1385297108210018,0.14666218308134693,0.16849072135943288,0.1425164410056239,0.14670858034153766
PL61,0.9679825643688009,0.14356712105541022,0.2746010967645096,0.2858244666210848,0.3382610252235739,0.23931833751027126,0.3114239488655941,0.29016163239364656,0.29683091205694867,0.298526635891153,0.17325632147379422,0.27441928131377036,0.2841419155476487,0.17031384668473082,0.2467276388385989,0.48020713608501003,0.2626207025893312,0.07285894793930352,0.20264908874285248,0.15507931274853548,0.20614823477644165,0.0,0.124221691015726,0.04205722035276102,0.07744967291534831,0.15677090946662486,0.015780245251964062,0.007931938442962154,0.17113448210695795,0.6170195717276176,0.11193623434894832,0.32300863082366305,0.33917925329160153,0.30770193433480125,0.33825011458876125,0.3431268353256945,0.3272224262875857,0.35814731970564817,0.34995522939757095,0.3850090941643825,0.3650362032351265,0.13397685427906056,0.33198428269117086,0.07022843858679803,0.34326080174601215,0.34248778319406475,0.34233913756904893,0.3504360169530212,0.3723416678679737,0.3457892195253131,0.3499670041128944
PL62,0.9782146078515896,0.031999610248578114,0.15160067811220143,0.16329801059471175,0.21619972767063272,0.12237802310652639,0.19160682405611473,0.16937328750508412,0.17590717093735436,0.17596389844022928,0.06446618563949545,0.15404478698988097,0.1652774913117474,0.0771996371242762,0.37094517815224587,0.604384524847188,0.38549881448855877,0.05154130986078924,0.0798744112284525,0.27892375459995006,0.08581402523799794,0.124221691015726,0.0,0.16616174544688042,0.20154116130661273,0.039256177126327826,0.13272911567465018,0.13215158743371416,0.047430235755416814,0.7399614728763154,0.21382821291605772,0.19969833586248292,0.21596748568422505,0.18427455601116094,0.2147554909154485,0.2200405968694159,0.2036693721128797,0.23450680589165976,0.22625579182074987,0.2613781231712299,0.24201344296851285,0.028415759072645232,0.20906503550083616,0.054346766345609435,0.21944848524739297,0.218592470694368,0.21851987945840237,0.22658277167755508,0.24845095339402382,0.22183967582096698,0.22600363658804234
PL63,0.971735379658402,0.18544582410642088,0.3166526339872804,0.3278548581551166,0.3802452156451949,0.28094423669698826,0.3532070990995889,0.3320614961813982,0.3387376358085194,0.340555985080563,0.2146387178871104,0.31629718380250993,0.32585941988826256,0.21040085553519702,0.20481805471660078,0.4384613737662266,0.22077614545404498,0.11468594961100467,0.24470488116517028,0.11303168086072955,0.24811145380715963,0.04205722035276102,0.16616174544688042,0.0,0.03539962501515159,0.19874445357067347,0.03556578960707312,0.034144649597120824,0.21316675186295472,0.5750762246469164,0.09451138516161786,0.3650644097601578,0.3812320919129077,0.3497591332778372,0.3803073341271194,0.3851751412154684,0.36927925915909343,0.40020329720774866,0.392009437690878,0.4270656224072652,0.40708000744492684,0.1758003570855651,0.37402642132925895,0.11197939078273675,0.38530938042318985,0.38452982044326883,0.3843872275012114,0.3924820083907803,0.4143853653925259,0.3878255725390785,0.3920018096195009
PL71,0.9753297550674993,0.2206709555648454,0.35202333315267464,0.3631956945561973,0.41553359378201843,0.3159443684070277,0.3883158345548278,0.36727402819464283,0.37395555449687995,0.3758951694025203,0.24950072842645893,0.35149246595679895,0.3609189812392188,0.24441818215646555,0.1695079243673185,0.4032546665321276,0.1857715687478723,0.15004310970507365,0.2800857620902112,0.07770258394635413,0.2833904551992009,0.07744967291534831,0.20154116130661273,0.03539962501515159,0.0,0.23403975790205636,0.06990149967671573,0.06952899140116456,0.248566186157614,0.5398786765190763,0.09202811844001646,0.40044415008748896,0.4166045813417405,0.385145917771232,0.41569503849640577,0.42053934002963855,0.40467013246728084,0.4355963877593301,0.4274049012665903,0.4624574287085868,0.44243688965003297,0.2109902813589045,0.4093814024393363,0.14731650116614,0.4207079194599124,0.4199293832304477,0.41978590300807933,0.4278811452521649,0.44978481491217437,0.4232251020240623,0.427401232320325
PL72,0.9589486785454692,0.014140837243133707,0.1183497042257516,0.12924005659368448,0.18150080200214722,0.0841475317952786,0.1550570735798535,0.13346977929429696,0.14012228867930374,0.1419263359554362,0.02686914925607866,0.11779312582115324,0.1281120935960179,0.04627544236190835,0.40245779333624876,0.6349058215121628,0.4193696188457686,0.08664822633375882,0.04718960627372006,0.3117414873441883,0.04937909472561261,0.15677090946662486,0.039256177126327826,0.19874445357067347,0.23403975790205636,0.0,0.16707722220919025,0.16463513717651326,0.02297051403238129,0.7737904811914199,0.23454586026792493,0.16682660303345115,0.18286057039086592,0.1517110920243669,0.18221918674275506,0.18670534983054748,0.17130916372078944,0.2022479524275835,0.1941763110402157,0.2290222428891641,0.20853558666024774,0.023910468070033497,0.17548291043733308,0.08965604052040496,0.1877201244165578,0.18714193304822682,0.18681726018050857,0.19495352347552902,0.21686086636084906,0.19057374928569473,0.19477169708025804
PL81,0.9815876323928237,0.1542947433113435,0.28407017882702396,0.29553651237280565,0.34822737453382435,0.25043480584483074,0.3221028354312846,0.30051991711430354,0.30715846853911677,0.3082352387515831,0.1849344407180744,0.28486800205827245,0.2950056641775822,0.18334379943337512,0.23918335139364175,0.4730308896869476,0.2528016290843227,0.08125460658417226,0.2121108262043229,0.14645610654519162,0.2163779175234832,0.015780245251964062,0.13272911567465018,0.03556578960707312,0.06990149967671573,0.16707722220919025,0.0,0.013534783717149034,0.18007332884620822,0.60729374255841,0.11843718724653075,0.33232469636672335,0.3485652146089918,0.31693298967498845,0.34744152319690114,0.3525914293707463,0.3363667074401056,0.3672249214057972,0.3589802126214042,0.3940974359136561,0.37454771511494445,0.1449125687959908,0.3415385231157583,0.07839704563894134,0.3521774451250871,0.35131486093940223,0.35124868763602285,0.35930940256473254,0.3811714237759075,0.3545507082740455,0.3587101253543349
PL82,0.9680528510446061,0.15139350197668847,0.2825079935189563,0.2937168958774549,0.34613204145113746,0.24706790532567177,0.31922437569135165,0.2980003371573505,0.30467214167563916,0.30641852660662905,0.180927573890277,0.2822500627011562,0.29192118862783517,0.17762965939471836,0.23879643396585876,0.47228668036228044,0.2547870289337511,0.08077412503780745,0.21056123723414344,0.1471749138203367,0.21400928113094012,0.007931938442962154,0.13215158743371416,0.034144649597120824,0.06952899140116456,0.16463513717651326,0.013534783717149034,0.0,0.17906414179747612,0.6091596844195344,0.10719505924263083,0.33092063890914575,0.3470874611704732,0.31561802007219286,0.34616679504106057,0.3510309258875516,0.3351411588977317,0.3660675916941213,0.35787735775342755,0.3929284436132071,0.3729369698085667,0.14178254004310445,0.33988388766787697,0.07813173443010246,0.3511860684404889,0.35041510998705655,0.3502645969263214,0.35836220418615555,0.3802685141056173,0.35371776032729774,0.35789581230828393
PL84,0.9780472323935432,0.03554128470163739,0.10417872136200867,0.11593726343346765,0.1688804850821657,0.07863227297582114,0.14506804319694794,0.12255121436767287,0.12900359204703948,0.12858518975283278,0.040995532878880026,0.107499122291809,0.1193776196251288,0.06467988972558328,0.41778955102112536,0.6509589846617866,0.43287105203058046,0.09882213695556553,0.03273241943354122,0.32608313281745327,0.04082427905051617,0.17113448210695795,0.047430235755416814,0.21316675186295472,0.248566186157614,0.02297051403238129,0.18007332884620822,0.17906414179747612,0.0,0.7873512282058309,0.25464857943275654,0.1522798095967585,0.16854289880733606,0.13686823774392043,0.16736865023227535,0.1726109852470928,0.15629378129104843,0.18716341652704271,0.17893200233636164,0.21403628725985835,0.194583429443382,0.04428849824564452,0.16163738898600336,0.10167884946265664,0.17217544779277816,0.17137031404398842,0.1712504812960274,0.1793342695701361,0.20122883818773127,0.17465911636397433,0.17883505780526224
PL9,1.2177665089175902,0.7605204200489365,0.8913497483895001,0.9027389909811849,0.9552725934980042,0.8557248319437778,0.9281783238189504,0.9071354668273964,0.913812928803673,0.9154421282833607,0.7891541942963147,0.8913636498359677,0.9007480185422805,0.7824244149726561,0.3747236054952885,0.1705628942227632,0.35450122191439526,0.6885458729605725,0.8193755168664554,0.46222910178158627,0.8231673911708774,0.6170195717276176,0.7399614728763154,0.5750762246469164,0.5398786765190763,0.7737904811914199,0.60729374255841,0.6091596844195344,0.7873512282058309,0.0,0.5681315054416783,0.9396174243610222,0.9558587255428747,0.9242188680901845,0.954714999599057,0.9598791200442174,0.9436308188988631,0.9744566235536115,0.9661923504050663,1.0013241941115782,0.981829929164237,0.7508598193821445,0.9488077591218957,0.6856752084493885,0.959336346397135,0.9584168240216051,0.9584040078961455,0.9664364294722941,0.9882507985692319,0.961601083366991,0.9657416020226692
SE110,0.8833017921759081,0.22044551637674503,0.34939228777111386,0.3586868559069251,0.40760141685140716,0.30521575972146936,0.3768317596856419,0.3586812731060819,0.36527587472513545,0.37090893356956345,0.24059365358451093,0.34304201031004555,0.3494058429342603,0.22688374313290902,0.19635147808416126,0.41475180525437494,0.22930826355161193,0.169736969072786,0.2812720781023495,0.13158984980305527,0.28014067222855255,0.11193623434894832,0.21382821291605772,0.09451138516161786,0.09202811844001646,0.23454586026792493,0.11843718724653075,0.10719505924263083,0.25464857943275654,0.5681315054416783,0.0,0.396929153330415,0.4121755118678042,0.38263471446826125,0.4124482504339325,0.4155218652284675,0.40203106192737037,0.4324691235827554,0.4248074987866696,0.4585984135389882,0.43651915950163256,0.21089616783319193,0.40416409258405683,0.16817377033665293,0.4189281025824188,0.41869073208653546,0.41807295806946976,0.4261580181944833,0.44776193723460456,0.42227575396835065,0.42644677117159213
SE121,0.9967510039212732,0.18062723703055059,0.048479268894480766,0.03824608179412272,0.02339982198320675,0.0930706540615951,0.03761021088604873,0.04167046987122713,0.036380105126183004,0.026203873097674066,0.15640575341942778,0.055539986979299606,0.054767612361460695,0.17143964381452448,0.5692292574669772,0.8017043012080577,0.5851254896694529,0.25107156590334334,0.12035955955238178,0.47808328662494853,0.1180418818493339,0.32300863082366305,0.19969833586248292,0.3650644097601578,0.40044415008748896,0.16682660303345115,0.33232469636672335,0.33092063890914575,0.1522798095967585,0.9396174243610222,0.396929153330415,0.0,0.01631321398816874,0.015499277792262468,0.015529750313023543,0.020579379458931343,0.006051995670782122,0.03560728529427914,0.027896545254176622,0.06222104988365565,0.04247329239273353,0.19046265977493548,0.011039124352116268,0.2539444762888593,0.02262304283332556,0.023089533074267442,0.021888806986907323,0.029621785532403765,0.05085048827976317,0.026786227784301488,0.030646799127584813
SE122,0.9987847365918059,0.19660565147651424,0.06458213816832895,0.05383131564075587,0.01600928935800094,0.10752909018924481,0.044322584019493926,0.05468263672092176,0.048590983103673775,0.0413394379494847,0.17183337666622506,0.06963123808523652,0.0666127168346697,0.18614960981660356,0.5853071240609766,0.817664747282426,0.6013622341596305,0.2673156535376914,0.1365399928619625,0.4942581104251429,0.1339139937989765,0.33917925329160153,0.21596748568422505,0.3812320919129077,0.4166045813417405,0.18286057039086592,0.3485652146089918,0.3470874611704732,0.16854289880733606,0.9558587255428747,0.4121755118678042,0.01631321398816874,0.0,0.031811149028198954,0.005335809960322412,0.0045295979024432545,0.013665929862883295,0.020651255620541206,0.0144561788846295,0.04647445574569008,0.02616466140776883,0.20643168099824147,0.008435589280953466,0.27019406755331693,0.013196892233400856,0.015281800351132711,0.013124266929495806,0.017736680633862374,0.03637439114103088,0.017928280486674483,0.02028313703750082
SE123,0.9953463710008331,0.1655747373695305,0.03344976313043191,0.02449898266807155,0.03641931361178843,0.0801646500561343,0.037496252598206166,0.032477174567227186,0.029097374171033693,0.014679984506934933,0.1420410745941964,0.043817808591415486,0.04637115888291946,0.15789789087215353,0.5540192216145641,0.7866168625942954,0.5697342769241431,0.23567839088401643,0.1050717403929044,0.4627660757880841,0.10317247155872347,0.30770193433480125,0.18427455601116094,0.3497591332778372,0.385145917771232,0.1517110920243669,0.31693298967498845,0.31561802007219286,0.13686823774392043,0.9242188680901845,0.38263471446826125,0.015499277792262468,0.031811149028198954,0.0,0.03055099061290105,0.03606014324368423,0.019602238316410406,0.050537802057422955,0.042493266510182814,0.07734597063914729,0.057972569904558076,0.17541770535713974,0.025807883509685343,0.23854407349176535,0.03630645366997643,0.036084123088224083,0.03544314942355914,0.043548690475166504,0.06532242176782017,0.0397092336069603,0.04385248133037057
SE124,1.0036035707112767,0.19605191291310306,0.06388139563796194,0.05377254779836416,0.021206263734171713,0.10836691510635718,0.04777755859972374,0.05618699995948047,0.05039372146046547,0.04162066629199425,0.17193403377751254,0.070645539925104,0.06866373073743456,0.18684156320444167,0.5845642871769828,0.8171194992339269,0.6002395086074399,0.26618836696661563,0.13562271483789695,0.4933113520693618,0.133522533029166,0.33825011458876125,0.2147554909154485,0.3803073341271194,0.41569503849640577,0.18221918674275506,0.34744152319690114,0.34616679504106057,0.16736865023227535,0.954714999599057,0.4124482504339325,0.015529750313023543,0.005335809960322412,0.03055099061290105,0.0,0.008948487048524287,0.011122306542647127,0.020087156891392517,0.012465228341760424,0.046806344301600564,0.02840289353811701,0.20589121120653692,0.011460173471091692,0.2690474335882615,0.008810860417299886,0.010511880287757834,0.008491869266512582,0.01477100804592531,0.03536907033753878,0.013615961609637128,0.016641013809942956
SE125,0.9976579920972348,0.20040719364827228,0.06853764238098012,0.05753327106577372,0.014687407994618044,0.11063071857485499,0.04549579249302994,0.05747806978334981,0.05120940561441029,0.04493365630753205,0.1753166171227561,0.07269276335790446,0.0689541399364916,0.1892869129443958,0.5891631324239448,0.8214250087311719,0.6053789334130735,0.2713498003839379,0.14051803493728335,0.4982054617621316,0.1376630744134414,0.3431268353256945,0.2200405968694159,0.3851751412154684,0.42053934002963855,0.18670534983054748,0.3525914293707463,0.3510309258875516,0.1726109852470928,0.9598791200442174,0.4155218652284675,0.020579379458931343,0.0045295979024432545,0.03606014324368423,0.008948487048524287,0.0,0.018194837557191475,0.01832425613324935,0.013761810043404479,0.043088688367363834,0.021976766781329263,0.21022481691187367,0.01136382863837911,0.27423546523814973,0.01485738975101409,0.017249183676750407,0.015063805937396767,0.01763008165741555,0.03398261178101717,0.019189583817794297,0.020694705537439264
SE211,1.0020342776627578,0.18517681131431507,0.0530409486857407,0.043419332481471166,0.024886713424506834,0.09862218626126577,0.04326003834461839,0.04763195464075968,0.042415653190829496,0.03174616720273087,0.1614521669030926,0.06126955074007345,0.06079888426776966,0.17684138305977098,0.5735876544439751,0.8062141966921091,0.5891610327836005,0.2551157318195872,0.1246226659992864,0.4822744153681949,0.122753611090876,0.3272224262875857,0.2036693721128797,0.36927925915909343,0.40467013246728084,0.17130916372078944,0.3363667074401056,0.3351411588977317,0.15629378129104843,0.9436308188988631,0.40203106192737037,0.006051995670782122,0.013665929862883295,0.019602238316410406,0.011122306542647127,0.018194837557191475,0.0,0.03094898718929006,0.022897733264997583,0.05778906222676672,0.03932437207830075,0.19501987398391424,0.011869012501857642,0.25797076143874503,0.01701110582396383,0.017236981093161404,0.016214198360132357,0.02417148209528231,0.04577939681607376,0.02094254098872258,0.02490670025071444
SE212,1.0119073166374153,0.21610079749520766,0.08393648014946527,0.07382955255591248,0.031613608511798265,0.12808952037425905,0.06371628832244249,0.07533379165078707,0.06921805707152656,0.061570325595771296,0.19198882512575097,0.09022912877509814,0.08714633285594578,0.20666760979323306,0.6045350452176497,0.837153718650214,0.6200054215886944,0.2859820099805075,0.15556711026123335,0.5131890440965587,0.15360289376399483,0.35814731970564817,0.23450680589165976,0.40020329720774866,0.4355963877593301,0.2022479524275835,0.3672249214057972,0.3660675916941213,0.18716341652704271,0.9744566235536115,0.4324691235827554,0.03560728529427914,0.020651255620541206,0.050537802057422955,0.020087156891392517,0.01832425613324935,0.03094898718929006,0.0,0.008348291733708064,0.026872924854835493,0.014345019908896315,0.22594209616736782,0.029040613356881975,0.28882809577946605,0.015605228131503715,0.017204607802894498,0.01654601941216285,0.009639966809105966,0.01573990783555957,0.015218128274598154,0.012428265979359605
SE213,1.0110248704538543,0.20805864334582944,0.0759380388463993,0.06612185983956471,0.02837565563909448,0.12083178507258446,0.05872607378085536,0.06854997098672344,0.06264955475100789,0.05406023742654648,0.1842586855443533,0.08310294319470728,0.08082437012762474,0.19929452490508354,0.5963894903446959,0.8290748367489342,0.6117509436050907,0.277743740164036,0.14741967540321388,0.5049832516189621,0.14565088461224165,0.34995522939757095,0.22625579182074987,0.392009437690878,0.4274049012665903,0.1941763110402157,0.3589802126214042,0.35787735775342755,0.17893200233636164,0.9661923504050663,0.4248074987866696,0.027896545254176622,0.0144561788846295,0.042493266510182814,0.012465228341760424,0.013761810043404479,0.022897733264997583,0.008348291733708064,0.0,0.035138107899959664,0.020618682271602195,0.21790268612555205,0.022784241579756594,0.28058480318444756,0.007358095220320773,0.009257781591030646,0.008283778942539673,0.004156301733185025,0.022956640502959008,0.008317842153566336,0.0076600991571800356
