,PL21 - Małopolskie,PL22 - Śląskie,PL41 - Wielkopolskie,PL42 - Zachodniopomorskie,PL43 - Lubuskie,PL51 - Dolnośląskie,PL52 - Opolskie,PL61 - Kujawsko-Pomorskie,PL62 - Warmińsko-Mazurskie,PL63 - Pomorskie,PL71 - Łódzkie,PL72 - Świętokrzyskie,PL81 - Lubelskie,PL82 - Podkarpackie,PL84 - Podlaskie,PL9 - Mazowieckie,CZ010 - Prague,CZ020 - Central Bohemian,CZ031 - South Bohemian,CZ032 - Plzeň,CZ041 - Karlovy Vary,CZ042 - Ústí nad Labem,CZ051 - Liberec,CZ052 - Hradec Králové,CZ053 - Pardubice,CZ063 - Vysočina,CZ064 - South Moravian,CZ071 - Olomouc,CZ072 - Zlín,CZ080 - Moravian-Silesian,SE110 - Stockholm,SE121 - Uppsala,SE122 - Södermanland,SE123 - Östergötland,SE124 - Örebro,SE125 - Västmanland,SE211 - Jönköping,SE212 - Kronoberg,SE213 - Kalmar,SE214 - Gotland,SE221 - Blekinge,SE224 - Skåne,SE231 - Halland,SE232 - Västra Götaland,SE311 - Värmland,SE312 - Dalarna,SE313 - Gävleborg,SE321 - Västernorrland,SE322 - Jämtland,SE331 - Västerbotten,SE332 - Norrbotten
PL21 - Małopolskie,0.0,207.2108520308929,147.73673698990785,267.82253177089507,187.98119214869246,163.99163693955956,177.08379290330356,243.96842754504576,259.3554397169939,197.05375269086053,99.59487278569614,82.94137843141101,199.30619817030527,107.91155237823466,215.17503214852593,257.4985846240023,727.7419402846439,912.3168887716408,642.640819945574,1176.002281574722,1077.0278559810633,667.8544292993304,949.0627157147594,1179.9567001626335,901.8792903263638,733.5114371235858,662.6924810429166,674.1449817075335,869.6326160291035,960.8439200633725,370.80024958058453,354.9633541932547,282.83578689929124,366.35371874288967,287.2553378190156,370.9719628351802,322.6464388992504,470.97847874088365,421.42893003976997,424.59373517753545,506.30223060849505,655.3339356096593,591.606346033074,408.29818706940205,362.41234107279865,324.04983790983067,801.9161620073728,459.76787241850656,384.0341633915889,386.8815765969997,374.7049960312964
PL22 - Śląskie,207.2108520308929,0.0,141.53563888721692,285.87404448582805,214.16972478999242,100.37826476528801,256.7770986957549,234.61343399908543,338.32217710677287,240.40936190902357,230.41299682875177,267.0173641602283,363.7576772872945,308.4839587815413,422.38588417941884,362.1658270104473,699.2495399104534,880.3082121786485,654.9386351219006,1147.5098812005315,1063.288802378056,635.8457527063381,920.5703153405689,1138.5560822394837,867.2107424707813,692.1108192004358,621.2918631197666,739.4630081490855,940.7166730200983,919.4433021402225,331.46432585155196,302.56361446669996,359.9030836642945,438.4990307034882,260.2504693717083,367.18812215529266,276.0132337115198,465.6498894168093,413.3224900491896,504.75135420832606,463.35881831990537,613.9333176865093,550.205728109924,365.35477478081236,453.1875157489025,361.5923813864484,749.5164222808181,407.3681326919518,389.029286979354,498.76141716149414,371.38082418631365
PL41 - Wielkopolskie,147.73673698990785,141.53563888721692,0.0,219.74742053154978,203.9862515317992,186.28257018595914,211.09617326024824,162.1756389702386,243.36150308595245,176.6890693223346,139.63918357297825,172.05669013940786,310.1391653009263,213.52328476072086,327.4252101585984,304.2474843418697,698.3789509458688,908.024389596434,638.3483207703671,1146.6392922359469,1040.7426498559205,663.5619301241236,919.6997263759844,1046.5934804228107,866.3401535061967,600.1482173837628,529.3292613030937,693.9055406984706,895.1592055694834,827.4807003235496,260.5174061177149,241.01512617275472,301.98474099571695,380.5806880349106,261.4188543348984,303.49706333449785,235.15900588155682,441.7979907684434,392.24844206732973,409.79068018750564,404.6623436980054,521.9707158698363,458.2431262932511,301.0321872443759,395.26917308032495,303.6740387178708,657.4976419324773,405.5798189963187,400.03922277469565,403.8007431406737,365.4480282330966
PL42 - Zachodniopomorskie,267.82253177089507,285.87404448582805,219.74742053154978,0.0,157.15825600476396,242.6548293944947,206.21982987238783,229.38759305492752,253.6708032225965,179.82644963859696,188.9249902731449,251.62864786285172,192.0829625580888,254.6323461692635,200.63515488380608,208.350196357164,703.7043727583829,930.015739250689,660.3396704246221,1151.964714048461,1014.1902309414418,685.5532797783785,925.0251481884984,958.3476585680887,871.6655753187107,655.6454757092841,514.3441627336726,736.4535696440648,937.7072345150777,709.6088548870398,232.5529845710989,230.88169166675803,224.40287791239876,342.5824750262638,276.3702305470639,278.7221602794482,242.8959898801667,449.5349747670533,399.9854260659396,220.61403049967578,308.629811877312,404.0988704333267,341.491866954585,206.35083609594355,301.2401761604866,246.76897926794717,534.0936302364778,419.6019623052672,308.24559519503,340.5417959451504,363.4308956037394
PL43 - Lubuskie,187.98119214869246,214.16972478999242,203.9862515317992,157.15825600476396,0.0,174.72509770419435,166.14712391538504,206.07806038477793,141.2864679745455,102.97694351929184,165.61545760299532,149.40547545023773,214.85987229851753,181.89309204997642,215.12672575102727,197.02641729715467,607.9771256293353,810.9471103455687,617.6048042753326,1056.2374669194135,1016.4063584250803,566.4846508732583,829.2979010594509,1085.879890991065,807.8024811547951,666.1132972115402,568.6156718713479,702.1291773025175,903.3828421735303,866.7671108918038,257.7333690829473,261.43727672022874,244.02203677964894,381.13701321297174,300.28274357081455,302.2105437510336,266.38437335175206,473.02335823863865,423.47380953752497,307.72599886940014,403.32098161538374,561.2571264380906,497.52953686150533,305.31693807629074,288.04810603560986,261.1441605740252,660.4343091859861,450.15754735873793,331.73397866661537,297.6581857425807,382.0160972166092
PL51 - Dolnośląskie,163.99163693955956,100.37826476528801,186.28257018595914,242.6548293944947,174.72509770419435,0.0,206.72209699349946,258.3157198402524,295.1029620154395,197.78861915155937,217.85311705846985,223.79814906889493,320.53846219596113,265.2647436902079,379.1666690880855,325.3470341710945,695.2759643770934,887.4396942659371,682.3470671496337,1143.5363056671715,1059.0789519556122,642.9772347936266,916.5967398072089,1143.0076398881108,864.9302300518411,696.5623768490631,625.7434207683939,766.8714401768186,968.1251050478314,923.8948597888498,315.3828529827524,292.2499315964175,323.0842908249417,401.6802378641354,256.2258282379356,323.9689070639593,274.13105629176044,439.94896915980365,390.39942045869,461.5321391169927,461.47664090014604,618.3848753351366,554.6572857585513,363.47259736105303,416.3687229095497,324.7735885470956,739.2027394105357,397.0544498216694,370.7780689470908,455.5422020701608,364.8563341335912
PL52 - Opolskie,177.08379290330356,256.7770986957549,211.09617326024824,206.21982987238783,166.14712391538504,206.72209699349946,0.0,197.04657876549896,285.0737941609558,201.7515892440112,138.37624588912945,148.51614398934944,168.65458318780117,223.95111011113397,172.44457209458602,293.94200475988646,760.6109505496295,961.4187301890483,691.7426613629814,1208.8712918397077,1067.1688595699322,716.9562707167379,981.9317259797451,1134.9414648586887,928.5721531099573,688.496201819641,617.6772457389718,629.1297464035887,826.6534576057675,915.8286847594277,294.0666107680299,279.67734886249906,291.6792614137337,370.27520845292736,262.7596424477425,281.4056098685194,266.5408024313364,446.48278336961056,396.9332346684969,295.17793390006443,453.88638703972197,610.3187003057145,546.5911107291292,355.88234350062896,384.9636934983417,293.36855913588755,726.6301566766172,412.85262545990275,348.31372741093946,393.7050165728632,362.5921663189922
PL61 - Kujawsko-Pomorskie,243.96842754504576,234.61343399908543,162.1756389702386,229.38759305492752,206.07806038477793,258.3157198402524,197.04657876549896,0.0,225.65385779774286,189.8221058120015,145.58678401428966,242.45539675596285,210.74758454098395,230.7782419434142,211.0144379934937,162.9881123967231,645.6858305949158,835.5524048782431,565.8763360521763,1093.9461718849939,977.0348992517676,591.0899454059327,867.0066060250313,937.8948860931898,813.6470331552437,491.449623054142,420.63066697347284,627.9927519410048,829.2464168120175,718.7821059939288,248.87772460657487,260.6680284201733,336.5647031980943,368.4710706542926,287.6168010121354,299.65946525179857,259.22072991564266,465.85971480252925,416.3101661014156,355.39039827305106,389.1060356448816,413.27212154021555,349.5445319636303,296.4807000331657,397.7937638689908,315.1350939480561,557.9477344623272,449.3882990586825,428.8031829324101,377.31890314288694,379.3534305451678
PL62 - Warmińsko-Mazurskie,259.3554397169939,338.32217710677287,243.36150308595245,253.6708032225965,141.2864679745455,295.1029620154395,285.0737941609558,225.65385779774286,0.0,114.96771614626562,240.568451224882,270.8583916305363,289.31321819940564,250.44761338109856,214.26131860504537,194.29466059108563,618.943512927875,676.3449360280924,674.7849634874635,936.9713549486619,961.4177416836562,560.8782334599082,710.0317890886993,945.328719880488,667.2513100442184,646.2708092980849,537.1999296042561,759.3093365146483,960.5630013856612,726.215939781227,276.6837047385187,312.6024210661466,277.77457428744617,400.08734886854313,329.7419269221113,315.2095918946776,279.3834214953961,486.02240638228267,436.472857681169,321.6968147044393,315.0980332881693,420.70595532751383,356.97836575092856,242.83826771117293,283.5048080055286,288.63285689304973,542.560722290379,501.32269170465577,344.7330268102594,198.58525625269294,380.92610565418545
PL63 - Pomorskie,197.05375269086053,240.40936190902357,176.6890693223346,179.82644963859696,102.97694351929184,197.78861915155937,201.7515892440112,189.8221058120015,114.96771614626562,0.0,157.2462463079374,197.4473353773796,270.2181944079735,189.07466638515803,270.48504786048323,127.55841501953515,578.5511512589997,759.6671409450371,634.3926018185881,1021.1048892130486,982.3733886886201,525.0464814741667,794.165323353086,982.902947471773,740.8057504832984,567.5258578435723,496.8075679353808,718.916974845773,920.1706397167858,763.790167372512,256.37568123782955,283.623261249557,242.66434893453118,379.77932536785397,298.9250557256968,294.3491148062303,258.5229444069488,465.1619292938354,415.6123805927217,363.0843209788561,352.513354814001,458.2801829187988,394.5525933422135,234.45162117612907,273.018588292074,259.7864727289074,630.1252649630636,472.3435318880662,323.8725497218121,312.7211965474303,371.8305960832263
PL71 - Łódzkie,99.59487278569614,230.41299682875177,139.63918357297825,188.9249902731449,165.61545760299532,217.85311705846985,138.37624588912945,145.58678401428966,240.568451224882,157.2462463079374,0.0,143.69510408272305,175.5278389161482,145.40547707837848,191.97288735066707,164.6083007688915,715.5593057946376,916.9133872529745,647.2373184269077,1163.8196470847156,1055.3707134530935,672.4509277806641,936.8800812247531,1083.4816701074794,883.5205083549654,637.0364070684317,566.2174509877625,683.6051883989144,884.8588532699272,864.3688900082184,291.21780922240134,256.18515941043233,296.1021004163117,342.7313047113014,261.8770350691442,281.7703230548741,235.00236685345203,441.6413517403386,392.09180303922494,324.9988623918393,413.2923853807942,558.8589055545052,495.13131597791994,315.2883418417012,357.3311610872082,274.6724911662735,703.1379672245505,414.8280247362791,388.3405801506275,369.7886420917424,365.3960600750353
PL72 - Świętokrzyskie,82.94137843141101,267.0173641602283,172.05669013940786,251.62864786285172,149.40547545023773,223.79814906889493,148.51614398934944,242.45539675596285,270.8583916305363,197.4473353773796,143.69510408272305,0.0,139.57778837791875,149.5602460580718,155.36852001919056,185.0355191352137,736.8089485665732,947.2033276586288,677.527258832562,1185.0692898566515,1069.481907731912,702.7408681863184,958.1297239966889,1180.3502828491526,904.770151126901,733.9050198101049,663.0860637294356,689.1912476827831,890.444912553796,961.2375027498915,381.6665017408109,332.2303926835442,242.2919542285913,375.1196392041946,295.14477949167883,372.2190155732836,313.48711065974936,478.86792041354687,429.3183717124332,398.2908185153708,500.83269526813496,655.7275182961785,591.9999287195931,402.82865172904195,289.29013881012884,301.31687640012024,779.1832004976624,445.6400527426206,337.5785408415236,394.21538138317925,377.4328945490465
PL81 - Lubelskie,199.30619817030527,363.7576772872945,310.1391653009263,192.0829625580888,214.85987229851753,320.53846219596113,168.65458318780117,210.74758454098395,289.31321819940564,270.2181944079735,175.5278389161482,139.57778837791875,0.0,160.42880529710806,103.89767043530429,298.74194112654055,732.4616673876882,965.6581542274981,695.9820854014313,1180.7220086777663,1050.7675749269786,721.1956947551877,953.7824428178037,1120.8045975443897,900.422869948016,674.359334505342,603.5403784246728,716.9743221922901,918.2279870633029,901.6918174451287,302.32273874264564,282.77788252103653,256.64039179577196,378.13438502091196,304.7984487722621,294.0015469657839,260.8126688655015,464.814361453389,415.2648127522753,340.88048283794717,448.1582534738871,596.1818329914155,532.4542434148302,350.1542099347941,328.3138001242032,260.8992716182945,711.2885642381266,471.4981531595457,349.93562244299346,376.75218019079875,372.43346107478504
PL82 - Podkarpackie,107.91155237823466,308.4839587815413,213.52328476072086,254.6323461692635,181.89309204997642,265.2647436902079,223.95111011113397,230.7782419434142,250.44761338109856,189.07466638515803,145.40547707837848,149.5602460580718,160.42880529710806,0.0,144.92571024570833,164.45644226585404,661.5465545040375,858.5732995657238,588.897230739657,1109.8068957941157,1067.3705008941874,614.1108400934133,882.8673299341531,1132.6857123212442,854.6083024849744,686.2404492821963,615.4214932015271,647.0192573071356,848.2729221781484,913.572932221983,380.95969596121745,341.7731685916232,282.06755537716043,419.1825318104832,338.32826216832603,377.1902283155635,323.27451600574204,503.87899582246837,454.3294471213547,430.8120006579187,510.62010061412764,608.0629477682699,544.8229284540703,412.61605707503463,356.3242409740826,310.8596523081991,788.7259764057413,510.9113045856382,377.94606329287285,345.9252333125182,389.93634796505626
PL84 - Podlaskie,215.17503214852593,422.38588417941884,327.4252101585984,200.63515488380608,215.12672575102727,379.1666690880855,172.44457209458602,211.0144379934937,214.26131860504537,270.48504786048323,191.97288735066707,155.36852001919056,103.89767043530429,144.92571024570833,0.0,299.0087945790503,677.1365326714105,890.0144354695252,672.5562944815115,1125.3968739614886,1019.1433443360979,659.0069211920174,898.457308101526,1099.6699856360103,845.0977352317383,653.2247225969625,582.4057665162933,757.0806675086963,958.3343323797092,880.5572055367492,309.82784105503094,326.95710037271675,298.4646996804936,412.46919099723317,350.43205231515867,321.13831823794976,285.31214783866824,491.9511327255548,442.40158402444115,370.76227749809016,429.1541191550276,575.047221083036,511.3196315064507,339.05514133334935,262.6865012306275,306.5328751611911,734.7287851202839,515.677371011226,350.66175315353155,325.3419289349837,374.1548043185809
PL9 - Mazowieckie,257.4985846240023,362.1658270104473,304.2474843418697,208.350196357164,197.02641729715467,325.3470341710945,293.94200475988646,162.9881123967231,194.29466059108563,127.55841501953515,164.6083007688915,185.0355191352137,298.74194112654055,164.45644226585404,299.0087945790503,0.0,620.6444517859215,799.9091428521086,615.748620331934,1068.9047930759998,1022.9842387784646,554.5557302494933,841.9652272160371,1094.7391598721233,816.6617500358536,648.2938968330756,577.4749407524064,700.272993359119,901.5266582301317,875.6263797728623,301.61518863615277,272.2843054689342,234.6315508494721,371.7465272827949,290.8922576406377,310.2084462859119,262.0891611729216,468.7281460598082,419.1785973586945,391.60806769742317,421.1023662958677,570.1163953191491,506.3888057425638,323.5634694961178,283.971926357853,251.75367464384834,719.2371132830524,448.82542320464813,327.4387664877849,354.7339006458069,375.9095520316688
CZ010 - Prague,727.7419402846439,699.2495399104534,698.3789509458688,703.7043727583829,607.9771256293353,695.2759643770934,760.6109505496295,645.6858305949158,618.943512927875,578.5511512589997,715.5593057946376,736.8089485665732,732.4616673876882,661.5465545040375,677.1365326714105,620.6444517859215,0.0,286.833745375272,511.1705990629963,448.26034129007814,682.3556316442845,282.51145909750744,453.71575921450653,589.4109877692624,411.1123324753506,600.7052241816373,297.1985158400397,374.15896139424626,513.3590538576503,381.3878669509395,637.8434771394654,671.2863481247877,716.5316028977907,653.9280332371623,661.0352084415006,719.8104056627258,687.7070847491633,676.8062616747344,720.6827406248997,793.4418661598249,771.2440926927409,666.5818701118675,703.8299277345352,682.7441114733368,721.1652919964882,688.2726774234461,726.0509768079415,739.4149275143536,716.3716900786421,736.111441981769,712.2583360631694
CZ020 - Central Bohemian,912.3168887716408,880.3082121786485,908.024389596434,930.015739250689,810.9471103455687,887.4396942659371,961.4187301890483,835.5524048782431,676.3449360280924,759.6671409450371,916.9133872529745,947.2033276586288,965.6581542274981,858.5732995657238,890.0144354695252,799.9091428521086,286.833745375272,0.0,378.6597934340101,268.99565022389106,595.1357235128892,245.35341260261532,186.77687622064366,493.97015658141527,190.6053094614266,497.34456346589695,457.99213659667225,496.9515219366002,667.7097573920546,612.6588144942069,812.6483396373524,886.8403178298198,858.3181870670801,875.197128658097,851.4506496914325,923.5840857746796,780.8124811194559,938.8784031130516,838.6060886963058,986.0167578972288,986.7322970124576,884.2923710849216,758.4713401905142,810.1427937653814,890.7039637725325,891.8319167448167,780.6923892639205,921.2432955462475,813.4494608209359,790.7528544377479,766.8997485191484
CZ031 - South Bohemian,642.640819945574,654.9386351219006,638.3483207703671,660.3396704246221,617.6048042753326,682.3470671496337,691.7426613629814,565.8763360521763,674.7849634874635,634.3926018185881,647.2373184269077,677.527258832562,695.9820854014313,588.897230739657,672.5562944815115,615.748620331934,511.1705990629963,378.6597934340101,0.0,647.6554436579012,756.3495922934397,228.65913996548886,420.71587779793856,630.0450699156435,367.35630492815085,245.80861956061415,292.26049872367435,258.1351758530882,409.76385830779793,396.8864680897862,693.6849276990539,727.1277986843761,772.3730534573791,708.0907532553862,618.6094000976763,752.8271559458088,743.5485353087518,733.8120743256547,784.0673384610087,762.7918459536864,777.3559075225685,722.4233206714559,759.6713782941235,738.5855620329253,788.7289769855472,744.1141279830346,781.89242736753,807.6765833430435,819.7383960489665,791.9528925413574,770.2886436617242
CZ032 - Plzeň,1176.002281574722,1147.5098812005315,1146.6392922359469,1151.964714048461,1056.2374669194135,1143.5363056671715,1208.8712918397077,1093.9461718849939,936.9713549486619,1021.1048892130486,1163.8196470847156,1185.0692898566515,1180.7220086777663,1109.8068957941157,1125.3968739614886,1068.9047930759998,448.26034129007814,268.99565022389106,647.6554436579012,0.0,552.619796262512,514.3490628265064,309.5025235901379,623.8515235086879,345.77411367241825,766.340213689788,726.9877868205633,765.9471721604913,918.5262400531199,829.6482082410176,1028.812791177255,1105.069764259829,1095.343007401502,1102.1883745272405,1109.2955497315786,1168.070746952804,966.3823223125382,1125.0666029648125,1073.2713527757796,1241.702207449903,1219.5044339828191,1083.9688321029107,877.161750607022,951.1440713183167,1159.6996139964235,1127.9352489074092,887.8445319214113,1139.618271906721,1041.5128942072233,893.7213042852113,965.4388346105391
CZ041 - Karlovy Vary,1077.0278559810633,1063.288802378056,1040.7426498559205,1014.1902309414418,1016.4063584250803,1059.0789519556122,1067.1688595699322,977.0348992517676,961.4177416836562,982.3733886886201,1055.3707134530935,1069.481907731912,1050.7675749269786,1067.3705008941874,1019.1433443360979,1022.9842387784646,682.3556316442845,595.1357235128892,756.3495922934397,552.619796262512,0.0,752.5876256618101,546.727596541161,441.899806705199,550.1043222566832,828.6647904556849,788.5541523819621,774.0439882723033,875.3153013768829,841.4927674783314,995.9391176481801,985.5831684392958,1023.6409243576854,949.3539118014585,1007.8399434436667,1006.0928173697351,872.7239866582674,954.8965401605165,988.9280214216953,1098.0168830153475,1049.334371178523,913.7987692986146,819.4074888522812,891.3004413310287,1007.9481354772232,1024.915770419486,925.5279864666575,969.4482091024248,939.6442238853358,897.1431115367961,948.3937035793101
CZ042 - Ústí nad Labem,667.8544292993304,635.8457527063381,663.5619301241236,685.5532797783785,566.4846508732583,642.9772347936266,716.9562707167379,591.0899454059327,560.8782334599082,525.0464814741667,672.4509277806641,702.7408681863184,721.1956947551877,614.1108400934133,659.0069211920174,554.5557302494933,282.51145909750744,245.35341260261532,228.65913996548886,514.3490628265064,752.5876256618101,0.0,341.9431404530948,640.5241119400362,321.4978067165083,327.90738648930187,277.96489387969234,251.5981093339849,427.896148112554,422.8931351115356,568.1858801650419,642.3778583575094,671.7890788602597,663.3996567388616,643.9801758309353,679.1216263023691,601.4304250943954,759.8187413474042,728.3565010066176,766.4424172914114,759.8436358751413,689.0981164621916,664.6603195827129,631.705075695331,733.0181395311561,650.3594696102215,721.0318013375966,751.9657458886524,764.0275585945753,712.5432788050522,714.5778062073331
CZ051 - Liberec,949.0627157147594,920.5703153405689,919.6997263759844,925.0251481884984,829.2979010594509,916.5967398072089,981.9317259797451,867.0066060250313,710.0317890886993,794.165323353086,936.8800812247531,958.1297239966889,953.7824428178037,882.8673299341531,898.457308101526,841.9652272160371,453.71575921450653,186.77687622064366,420.71587779793856,309.5025235901379,546.727596541161,341.9431404530948,0.0,420.42307416336473,99.65185136126843,539.4006478298254,500.0482209606007,539.0076063005287,691.5866741931573,602.708642381055,801.8732253172923,878.1301983998665,868.4034415415395,875.2488086672779,882.355983871616,941.1311810928413,765.2702852422476,923.3362072358433,846.331786915817,1014.7626415899405,992.5648681228565,868.7501752077133,767.0401562085906,794.6005978881731,932.7600481364609,900.9956830474466,789.2612052819969,912.6787060467583,814.5733283472607,799.3216704558243,775.4685645372248
CZ052 - Hradec Králové,1179.9567001626335,1138.5560822394837,1046.5934804228107,958.3476585680887,1085.879890991065,1143.0076398881108,1134.9414648586887,937.8948860931898,945.328719880488,982.902947471773,1083.4816701074794,1180.3502828491526,1120.8045975443897,1132.6857123212442,1099.6699856360103,1094.7391598721233,589.4109877692624,493.97015658141527,630.0450699156435,623.8515235086879,441.899806705199,640.5241119400362,420.42307416336473,0.0,447.0009711882743,702.3602680778886,662.2496300041659,647.739465894507,782.469098122627,715.1882451005351,1010.9137846466297,963.2360403027021,973.4780561389437,939.3279948086363,979.5348300548865,974.4536914724316,935.0407892804336,931.4495474844402,968.01644515617,1048.0851519695307,1025.8873785024468,913.9155746431378,951.1636322658055,930.0778160046071,1101.799849469735,1007.174922405641,973.3846813392119,986.7486320456239,963.7053946099124,1011.5020539791226,1039.6010338432777
CZ053 - Pardubice,901.8792903263638,867.2107424707813,866.3401535061967,871.6655753187107,807.8024811547951,864.9302300518411,928.5721531099573,813.6470331552437,667.2513100442184,740.8057504832984,883.5205083549654,904.770151126901,900.422869948016,854.6083024849744,845.0977352317383,816.6617500358536,411.1123324753506,190.6053094614266,367.35630492815085,345.77411367241825,550.1043222566832,321.4978067165083,99.65185136126843,447.0009711882743,0.0,486.0410749600377,446.688648090813,485.64803343074095,638.2271013233695,549.3490695112673,748.5136524475046,824.7706255300787,815.0438686717516,821.8892357974901,828.9964110018284,887.7716082230536,706.6534717283296,864.7193937219253,834.0144488983949,961.4030687201528,939.2052952530687,810.1333616937952,770.3182674744902,737.3630235871083,879.4004752666732,847.636110177659,826.689749229374,859.3191331769706,869.6855064863528,818.2012266968295,820.2357540991104
CZ063 - Vysočina,733.5114371235858,692.1108192004358,600.1482173837628,655.6454757092841,666.1132972115402,696.5623768490631,688.496201819641,491.449623054142,646.2708092980849,567.5258578435723,637.0364070684317,733.9050198101049,674.359334505342,686.2404492821963,653.2247225969625,648.2938968330756,600.7052241816373,497.34456346589695,245.80861956061415,766.340213689788,828.6647904556849,327.90738648930187,539.4006478298254,702.3602680778886,486.0410749600377,0.0,363.02171507430836,307.96666561226493,426.4952783486185,278.7253590295513,643.9464338060407,703.1421718524956,760.9678919621389,726.1994016911256,565.7664957749647,673.1679040428546,671.1823267594805,617.236669979575,838.102723961825,728.898837064107,866.7893893777463,770.1779099498269,800.8203947854989,732.1309081491336,840.5444461356464,752.0123313923798,798.8978709602683,832.3442412962519,862.1662684544365,750.8273419339429,752.8618693362238
CZ064 - South Moravian,662.6924810429166,621.2918631197666,529.3292613030937,514.3441627336726,568.6156718713479,625.7434207683939,617.6772457389718,420.63066697347284,537.1999296042561,496.8075679353808,566.2174509877625,663.0860637294356,603.5403784246728,615.4214932015271,582.4057665162933,577.4749407524064,297.1985158400397,457.99213659667225,292.26049872367435,726.9877868205633,788.5541523819621,277.96489387969234,500.0482209606007,662.2496300041659,446.688648090813,363.02171507430836,0.0,222.10940691039218,423.363071781405,346.3863793283589,556.0998938158466,589.5427648011688,634.7880195741718,570.5057193721789,481.02436621446896,615.2421220626015,605.9635014255445,525.6336249734225,638.9391573012808,625.2068120704791,639.7708736393612,584.8382867882486,622.0863444109164,601.000528149718,639.4217086728694,606.5290940998273,644.3073934843227,657.6713441907348,634.6281067550233,654.3678586581501,630.5147527395505
CZ071 - Olomouc,674.1449817075335,739.4630081490855,693.9055406984706,736.4535696440648,702.1291773025175,766.8714401768186,629.1297464035887,627.9927519410048,759.3093365146483,718.916974845773,683.6051883989144,689.1912476827831,716.9743221922901,647.0192573071356,757.0806675086963,700.272993359119,374.15896139424626,496.9515219366002,258.1351758530882,765.9471721604913,774.0439882723033,251.5981093339849,539.0076063005287,647.739465894507,485.64803343074095,307.96666561226493,222.10940691039218,0.0,204.32686383405348,310.60822946866654,778.2093007262388,811.652171711561,856.897426484564,792.615126282571,703.1337731248611,837.3515289729937,828.0729083359366,747.7430318838146,861.048564211673,847.3162189808713,861.8802805497534,806.9476936986408,844.1957513213085,823.1099350601102,861.5311155832616,828.6385010102194,866.4168003947149,879.780751101127,856.7375136654155,876.4772655685423,852.6241596499427
CZ072 - Zlín,869.6326160291035,940.7166730200983,895.1592055694834,937.7072345150777,903.3828421735303,968.1251050478314,826.6534576057675,829.2464168120175,960.5630013856612,920.1706397167858,884.8588532699272,890.444912553796,918.2279870633029,848.2729221781484,958.3343323797092,901.5266582301317,513.3590538576503,667.7097573920546,409.76385830779793,918.5262400531199,875.3153013768829,427.896148112554,691.5866741931573,782.469098122627,638.2271013233695,426.4952783486185,423.363071781405,204.32686383405348,0.0,461.8968656467837,979.4629655972516,1012.9058365825738,1058.151091355577,993.8687911535839,904.3874379958739,1038.6051938440064,1029.3265732069494,948.9966967548274,1062.3022290826857,1048.569883851884,1063.1339454207662,1008.2013585696536,1045.4494161923212,1024.363599931123,1062.7847804542744,1029.8921658812321,1067.6704652657277,1081.0344159721399,1057.9911785364282,1077.730930439555,1053.8778245209555
CZ080 - Moravian-Silesian,960.8439200633725,919.4433021402225,827.4807003235496,709.6088548870398,866.7671108918038,923.8948597888498,915.8286847594277,718.7821059939288,726.215939781227,763.790167372512,864.3688900082184,961.2375027498915,901.6918174451287,913.572932221983,880.5572055367492,875.6263797728623,381.3878669509395,612.6588144942069,396.8864680897862,829.6482082410176,841.4927674783314,422.8931351115356,602.708642381055,715.1882451005351,549.3490695112673,278.7253590295513,346.3863793283589,310.60822946866654,461.8968656467837,0.0,791.8010045473686,744.1232602034411,754.3652760396826,720.2152147093752,760.4220499556254,644.1213323759803,652.0686305900476,520.7923399816538,645.8858928273619,781.3419945192345,633.7311869646043,560.0795178518927,583.5525505455375,642.7596466700129,882.687069370474,788.06214230638,638.561193158341,731.1337595086688,727.163190834073,792.3892738798615,820.4882537440167
SE110 - Stockholm,370.80024958058453,331.46432585155196,260.5174061177149,232.5529845710989,257.7333690829473,315.3828529827524,294.0666107680299,248.87772460657487,276.6837047385187,256.37568123782955,291.21780922240134,381.6665017408109,302.32273874264564,380.95969596121745,309.82784105503094,301.61518863615277,637.8434771394654,812.6483396373524,693.6849276990539,1028.812791177255,995.9391176481801,568.1858801650419,801.8732253172923,1010.9137846466297,748.5136524475046,643.9464338060407,556.0998938158466,778.2093007262388,979.4629655972516,791.8010045473686,0.0,103.71824257674291,263.3746823168307,340.4469481541972,216.76286728354683,147.67967217138838,175.69800540962348,271.00866456571487,218.0083859804062,244.38301726147353,308.59681393768847,486.29102009365545,422.5634305170702,215.37050188725496,302.69297067264625,191.28425968612135,432.56354590858734,278.93659690784733,218.2198346483959,253.28989571482666,259.5964103913712
SE121 - Uppsala,354.9633541932547,302.56361446669996,241.01512617275472,230.88169166675803,261.43727672022874,292.2499315964175,279.67734886249906,260.6680284201733,312.6024210661466,283.623261249557,256.18515941043233,332.2303926835442,282.77788252103653,341.7731685916232,326.95710037271675,272.2843054689342,671.2863481247877,886.8403178298198,727.1277986843761,1105.069764259829,985.5831684392958,642.3778583575094,878.1301983998665,963.2360403027021,824.7706255300787,703.1421718524956,589.5427648011688,811.652171711561,1012.9058365825738,744.1232602034411,103.71824257674291,0.0,174.51984523241077,249.36477344147858,156.6889683204547,140.39001870872505,147.37634035038462,226.09613561558842,190.14949551544365,277.95325076175845,217.70738544616574,438.61327574972785,374.8856861731426,167.94251899216036,208.02247457570138,153.55127768316194,446.95280781411816,188.7202706385092,189.60312726388327,277.793469595671,275.33258838252345
SE122 - Södermanland,282.83578689929124,359.9030836642945,301.98474099571695,224.40287791239876,244.02203677964894,323.0842908249417,291.6792614137337,336.5647031980943,277.77457428744617,242.66434893453118,296.1021004163117,242.2919542285913,256.64039179577196,282.06755537716043,298.4646996804936,234.6315508494721,716.5316028977907,858.3181870670801,772.3730534573791,1095.343007401502,1023.6409243576854,671.7890788602597,868.4034415415395,973.4780561389437,815.0438686717516,760.9678919621389,634.7880195741718,856.897426484564,1058.151091355577,754.3652760396826,263.3746823168307,174.51984523241077,0.0,206.90954996266544,195.3233478373871,292.96301012718726,176.3294804440195,236.57596618495558,187.0264174838419,346.58478246954246,303.78876343552565,448.8552915859694,385.1277020093841,220.90859175783052,132.65079643573523,138.71591144722285,616.582235544765,289.3591931496445,143.95963985433815,313.0684962983548,251.01019347602454
SE123 - Östergötland,366.35371874288967,438.4990307034882,380.5806880349106,342.5824750262638,381.13701321297174,401.6802378641354,370.27520845292736,368.4710706542926,400.08734886854313,379.77932536785397,342.7313047113014,375.1196392041946,378.13438502091196,419.1825318104832,412.46919099723317,371.7465272827949,653.9280332371623,875.197128658097,708.0907532553862,1102.1883745272405,949.3539118014585,663.3996567388616,875.2488086672779,939.3279948086363,821.8892357974901,726.1994016911256,570.5057193721789,792.615126282571,993.8687911535839,720.2152147093752,340.4469481541972,249.36477344147858,206.90954996266544,0.0,276.6182275441812,356.72387118103194,233.40205696011628,234.42852794458304,263.31642987235267,367.2866162615104,247.60050831178287,460.1907898572948,367.24398614480015,245.18464873322762,202.86926137649,214.977725443363,640.8582925201622,363.5350217617421,217.64293140310804,285.04053816812217,233.85943808531363
SE124 - Örebro,287.2553378190156,260.2504693717083,261.4188543348984,276.3702305470639,300.28274357081455,256.2258282379356,262.7596424477425,287.6168010121354,329.7419269221113,298.9250557256968,261.8770350691442,295.14477949167883,304.7984487722621,338.32826216832603,350.43205231515867,290.8922576406377,661.0352084415006,851.4506496914325,618.6094000976763,1109.2955497315786,1007.8399434436667,643.9801758309353,882.355983871616,979.5348300548865,828.9964110018284,565.7664957749647,481.02436621446896,703.1337731248611,904.3874379958739,760.4220499556254,216.76286728354683,156.6889683204547,195.3233478373871,276.6182275441812,0.0,239.4111075043053,187.30129422292538,281.69640959804883,272.3362281868603,341.66956325330466,301.02289360278155,454.9120655019122,391.1844759253269,207.96813234763835,274.77795036068164,186.24583561741508,603.6417761345729,275.5000148657798,296.39977267947177,335.6796262064728,238.11207518446054
SE125 - Västmanland,370.9719628351802,367.18812215529266,303.49706333449785,278.7221602794482,302.2105437510336,323.9689070639593,281.4056098685194,299.65946525179857,315.2095918946776,294.3491148062303,281.7703230548741,372.2190155732836,294.0015469657839,377.1902283155635,321.13831823794976,310.2084462859119,719.8104056627258,923.5840857746796,752.8271559458088,1168.070746952804,1006.0928173697351,679.1216263023691,941.1311810928413,974.4536914724316,887.7716082230536,673.1679040428546,615.2421220626015,837.3515289729937,1038.6051938440064,644.1213323759803,147.67967217138838,140.39001870872505,292.96301012718726,356.72387118103194,239.4111075043053,0.0,238.38335511615156,248.01979616507703,275.34095736008476,191.31457127036265,300.60357213716793,353.1208207655561,381.7004690455701,231.64742491408973,318.969893699481,238.74273952780308,450.3964898387865,316.78142593927805,235.5943376435068,333.22660274298437,276.9733544636812
SE211 - Jönköping,322.6464388992504,276.0132337115198,235.15900588155682,242.8959898801667,266.38437335175206,274.13105629176044,266.5408024313364,259.22072991564266,279.3834214953961,258.5229444069488,235.00236685345203,313.48711065974936,260.8126688655015,323.27451600574204,285.31214783866824,262.0891611729216,687.7070847491633,780.8124811194559,743.5485353087518,966.3823223125382,872.7239866582674,601.4304250943954,765.2702852422476,935.0407892804336,706.6534717283296,671.1823267594805,605.9635014255445,828.0729083359366,1029.3265732069494,652.0686305900476,175.69800540962348,147.37634035038462,176.3294804440195,233.40205696011628,187.30129422292538,238.38335511615156,0.0,313.76606774473476,190.50465141672714,339.5667694018848,322.97122506005036,346.5586461363344,282.83105655974913,109.4354362082282,230.6184387804264,190.1108816563678,479.26972310812243,310.85609217512837,204.8084271023499,253.33570884758157,216.17060062846963
SE212 - Kronoberg,470.97847874088365,465.6498894168093,441.7979907684434,449.5349747670533,473.02335823863865,439.94896915980365,446.48278336961056,465.85971480252925,486.02240638228267,465.1619292938354,441.6413517403386,478.86792041354687,464.814361453389,503.87899582246837,491.9511327255548,468.7281460598082,676.8062616747344,938.8784031130516,733.8120743256547,1125.0666029648125,954.8965401605165,759.8187413474042,923.3362072358433,931.4495474844402,864.7193937219253,617.236669979575,525.6336249734225,747.7430318838146,948.9966967548274,520.7923399816538,271.00866456571487,226.09613561558842,236.57596618495558,234.42852794458304,281.69640959804883,248.01979616507703,313.76606774473476,0.0,359.59921013630276,386.8272273588817,252.9710350492935,311.97964514246996,498.1723696923749,272.136936161054,361.8947293888202,267.26980232472624,406.4297645755791,240.34481136068615,244.92959847486148,287.43715012958967,299.6959137623629
SE213 - Kalmar,421.42893003976997,413.3224900491896,392.24844206732973,399.9854260659396,423.47380953752497,390.39942045869,396.9332346684969,416.3101661014156,436.472857681169,415.6123805927217,392.09180303922494,429.3183717124332,415.2648127522753,454.3294471213547,442.40158402444115,419.1785973586945,720.6827406248997,838.6060886963058,784.0673384610087,1073.2713527757796,988.9280214216953,728.3565010066176,846.331786915817,968.01644515617,834.0144488983949,838.102723961825,638.9391573012808,861.048564211673,1062.3022290826857,645.8858928273619,218.0083859804062,190.14949551544365,187.0264174838419,263.31642987235267,272.3362281868603,275.34095736008476,190.50465141672714,359.59921013630276,0.0,364.2875730495766,332.06457186195394,367.87719631913546,256.05737754116245,193.63458996999606,286.6943080538102,192.06938098971617,527.3314105888886,227.1269951041761,248.22767667627716,322.10594571015923,262.00374302003763
SE214 - Gotland,424.59373517753545,504.75135420832606,409.79068018750564,220.61403049967578,307.72599886940014,461.5321391169927,295.17793390006443,355.39039827305106,321.6968147044393,363.0843209788561,324.9988623918393,398.2908185153708,340.88048283794717,430.8120006579187,370.76227749809016,391.60806769742317,793.4418661598249,986.0167578972288,762.7918459536864,1241.702207449903,1098.0168830153475,766.4424172914114,1014.7626415899405,1048.0851519695307,961.4030687201528,728.898837064107,625.2068120704791,847.3162189808713,1048.569883851884,781.3419945192345,244.38301726147353,277.95325076175845,346.58478246954246,367.2866162615104,341.66956325330466,191.31457127036265,339.5667694018848,386.8272273588817,364.2875730495766,0.0,379.9851765203359,475.8320100655213,481.2086975828812,290.55813613158637,340.68139583834534,253.84902877876146,543.6248612159607,398.05591078435634,289.216109985862,441.86585817995245,339.40602658623044
SE221 - Blekinge,506.30223060849505,463.35881831990537,404.6623436980054,308.629811877312,403.32098161538374,461.47664090014604,453.88638703972197,389.1060356448816,315.0980332881693,352.513354814001,413.2923853807942,500.83269526813496,448.1582534738871,510.62010061412764,429.1541191550276,421.1023662958677,771.2440926927409,986.7322970124576,777.3559075225685,1219.5044339828191,1049.334371178523,759.8436358751413,992.5648681228565,1025.8873785024468,939.2052952530687,866.7893893777463,639.7708736393612,861.8802805497534,1063.1339454207662,633.7311869646043,308.59681393768847,217.70738544616574,303.78876343552565,247.60050831178287,301.02289360278155,300.60357213716793,322.97122506005036,252.9710350492935,332.06457186195394,379.9851765203359,0.0,316.5297055199036,470.6377314180261,268.3603626645024,355.6029476415157,245.769837034042,482.9269600034572,295.10649141791686,265.3442212448844,358.60546471890405,366.7367791861152
