,PL21 - Małopolskie,PL22 - Śląskie,PL41 - Wielkopolskie,PL42 - Zachodniopomorskie,PL43 - Lubuskie,PL51 - Dolnośląskie,PL52 - Opolskie,PL61 - Kujawsko-Pomorskie,PL62 - Warmińsko-Mazurskie,PL63 - Pomorskie,PL71 - Łódzkie,PL72 - Świętokrzyskie,PL81 - Lubelskie,PL82 - Podkarpackie,PL84 - Podlaskie,PL9 - Mazowieckie,CZ010 - Prague,CZ020 - Central Bohemian,CZ031 - South Bohemian,CZ032 - Plzeň,CZ041 - Karlovy Vary,CZ042 - Ústí nad Labem,CZ051 - Liberec,CZ052 - Hradec Králové,CZ053 - Pardubice,CZ063 - Vysočina,CZ064 - South Moravian,CZ071 - Olomouc,CZ072 - Zlín,CZ080 - Moravian-Silesian,SE110 - Stockholm,SE121 - Uppsala,SE122 - Södermanland,SE123 - Östergötland,SE124 - Örebro,SE125 - Västmanland,SE211 - Jönköping,SE212 - Kronoberg,SE213 - Kalmar,SE214 - Gotland,SE221 - Blekinge,SE224 - Skåne,SE231 - Halland,SE232 - Västra Götaland,SE311 - Värmland,SE312 - Dalarna,SE313 - Gävleborg,SE321 - Västernorrland,SE322 - Jämtland,SE331 - Västerbotten,SE332 - Norrbotten
PL21 - Małopolskie,0.0,14.615969509258854,15.817210082825254,14.812255199277198,14.042360692054102,15.191532549419664,10.469153619161032,20.597481605113245,23.51700783137771,22.860740542106903,12.650092940190204,11.857581850046616,13.277521156293385,10.220514730778117,18.743107724915227,16.057951219573255,46.73006772995304,69.19936781435732,55.30864700553382,75.15744039071534,69.27839438766351,56.01382228985652,76.44511669839223,94.3691196464526,71.94726683050732,57.458505003686746,43.30139768432356,54.15886832326718,56.976389179013786,56.61670027989926,25.343325727165322,22.785543518295874,21.116419165566356,31.441384886984167,26.264255368127124,23.501291178048433,25.021904175949945,23.548659029133532,16.8312671629612,20.31912180756708,16.730673018762374,36.29065896706965,32.50925771367264,30.301219180932073,22.31896895125552,17.37657854339646,28.509655913962924,22.193177375858188,30.45376548810024,28.6132508695917,29.263571901076407
PL22 - Śląskie,14.615969509258854,0.0,15.664202998277815,22.959989275831678,18.30995186306837,9.685509247823562,15.344169878886975,24.08276325991521,29.51434131601455,23.401722596344506,14.792580407331203,15.698066747225733,19.945352744322896,18.089232867109736,23.270813912164318,18.07262002389719,37.66118080743067,57.39755034878791,44.66749320617739,58.25686669127664,59.971979772928684,45.11524704002506,60.16832575905639,80.28466511322097,56.8624396976573,53.81443908071726,39.81173741998193,47.84352186042379,56.752656370164175,58.68952546335284,25.52059975479311,27.466483261105246,22.565446387589112,30.821909368501498,23.292202310273595,23.754304433773086,31.624578244743386,28.131499915758816,19.79266082133139,27.655599923830554,22.224501638895244,32.87141291717698,31.660836521542876,36.983618080173216,22.46315881897828,23.31097778779642,26.04978242293956,22.66731408534218,31.898253247230283,35.14906662145962,31.45144634874617
PL41 - Wielkopolskie,15.817210082825254,15.664202998277815,0.0,14.30888790192058,14.011464150425223,10.60467877645586,14.417202694344182,15.233692638241825,18.59605019068087,13.3704221506674,12.381684291141836,13.896196906681586,14.609877255808668,14.900077342845272,18.187772981841366,12.203915740081113,33.555331615945924,52.82458076036016,41.59536253401386,56.92043425765903,57.160088162610215,36.516175228440694,56.28922993390917,79.88811508858294,53.55944518001223,48.246721406288735,31.043853640305894,37.99348920199903,43.108150142397186,51.59669657136601,21.655491254282136,21.351637415040027,23.0729752536088,24.64364172422645,17.94551200534457,22.350415523417734,38.04113897368574,23.665501621245504,15.821048030877716,23.585535169973387,20.431234839752374,25.52334186823209,30.86733402812949,29.013590894861693,22.163673878579484,18.0014975552758,26.23836893448077,16.756960171011052,27.813654875390107,30.024115173599917,25.998943211478515
PL42 - Zachodniopomorskie,14.812255199277198,22.959989275831678,14.30888790192058,0.0,10.295117945470714,17.26472633770616,9.698351194417565,10.748724829119821,8.642251858947676,10.97626432386884,12.926404506216521,16.208068468595904,9.401546815515477,12.3177928138023,11.15667836811339,13.583626791806463,41.5868962296346,65.7391438264997,48.78736479182222,69.7881748039277,64.77872542333485,46.401471060598766,75.8632598582311,86.13449372473336,71.76807508588573,50.7272785745847,32.70547905775127,41.85945780600636,43.657675771622664,46.121063286011406,15.703022829304027,17.417191504485046,19.100476304844488,19.236082630073263,16.91734928705347,15.200445077745181,26.480726410043065,15.44080865691447,12.738251176858848,20.517269086637775,16.331098976093863,23.47703959769445,27.612223503591473,20.480243511674693,18.426902070397503,11.84004084630885,30.15929666468703,15.085831819853754,19.006197561528385,16.185429892925267,16.97410695098976
PL43 - Lubuskie,14.042360692054102,18.30995186306837,14.011464150425223,10.295117945470714,0.0,14.475742710431396,11.54436341277076,9.94140566143647,11.275269015293036,10.47380889587026,10.198144528485706,13.881634113686827,13.420385105785552,13.42109131738804,14.06774646634767,11.337740026984749,36.68951789600059,57.6352114501551,43.572313457398074,59.034466933609174,63.62238199474075,42.47271566705143,68.21578278962002,85.33603894830378,62.62112816042419,50.015573538426466,29.962228689824645,39.532751490063895,45.45688238459878,47.780072884049524,18.107360040802067,18.282097542683243,17.34334429162169,22.482445314053308,15.606868174927577,19.43567809842887,26.87456271927437,21.27753031937482,8.616265846111542,26.689714756810776,19.19340581243003,28.81429313898874,23.533561801979992,23.13183402220064,17.450910270191397,14.671877395858633,22.849474719219824,17.183831996080247,21.380371988946862,20.0921126658893,18.56171929162844
PL51 - Dolnośląskie,15.191532549419664,9.685509247823562,10.60467877645586,17.26472633770616,14.475742710431396,0.0,13.83568708625917,18.09469219853252,22.88873530053412,18.6290430188357,12.609551640015555,11.768538843838252,15.155162112479424,14.737838710616707,18.796505655799823,14.6056407412934,34.90348116107599,54.91122893994186,43.12959698043945,56.78104177001835,59.1401071023551,42.42509826818409,59.37015192868493,80.44068253122995,56.2833189540832,50.76947912613695,36.559041425607475,41.70312955481819,49.174799341424084,56.194843886782785,23.902231347252325,27.61968405291208,21.66606676884709,29.910031524506064,20.26883990833153,25.10806154172138,32.1806214954317,28.712881934637334,18.53795860287675,28.547047156209093,20.00579619153581,32.050276759243545,30.674928825670296,36.63295576294932,20.748017880993146,21.909850961326704,26.68627064011933,22.30822425821373,30.070652678741503,32.32505675112315,27.916407931608628
PL52 - Opolskie,10.469153619161032,15.344169878886975,14.417202694344182,9.698351194417565,11.54436341277076,13.83568708625917,0.0,14.518100446790639,15.946860407032437,16.26152683010472,10.212583434155006,10.856035947632858,10.550367426368128,9.449481456930908,15.08766731534548,15.383391773732292,42.145029050048926,71.7580364861469,52.06062173949829,73.7125327540633,60.342963124609554,53.611020839166756,79.90243155893401,84.08046029081325,75.64331900854037,60.020504853516584,36.94599167150254,46.90026116642113,48.26789859399049,52.86270233537338,20.1437149834604,22.755195755368003,23.617236127604237,27.244710865683697,20.835587545472855,17.879186935378932,29.119096997602938,18.48079763853094,14.545372617670361,18.971778453800784,14.888760136166791,26.650095099010592,32.12265013258119,30.717036022418036,20.047074710434316,15.050977877705902,26.55949287608113,19.47892988584726,27.70154210723995,21.9134453265394,25.674312909931732
PL61 - Kujawsko-Pomorskie,20.597481605113245,24.08276325991521,15.233692638241825,10.748724829119821,9.94140566143647,18.09469219853252,14.518100446790639,0.0,8.787441736951228,9.786217606516944,14.16650116290306,23.63932406796248,15.697361633140305,19.063326839003484,16.291223380481426,15.113902667912766,35.559479249002095,52.17666156648898,38.731687366123914,55.88627354209361,58.98042494576951,38.84089429957922,60.31668332368951,78.96224035295386,54.777331461536555,41.39111582171097,26.589838513898005,35.17579489593599,40.1398848968828,40.336218785738566,18.763110156200252,19.025547011193794,21.838835634027816,22.396365475072024,19.168825606752982,20.039610334427486,25.150501195030383,19.65879410447608,14.007172506676628,29.168784070183527,23.34872487559013,25.371278475907953,26.962828437588904,20.378384475885635,24.72694440747245,17.04755266137447,25.722740169275866,12.577848025356833,21.253296826410665,20.163624908607485,20.026367365676553
PL62 - Warmińsko-Mazurskie,23.51700783137771,29.51434131601455,18.59605019068087,8.642251858947676,11.275269015293036,22.88873530053412,15.946860407032437,8.787441736951228,0.0,10.545181868096696,14.679084764825008,21.24213693477632,17.296873917948766,17.330288371477316,17.457659475308247,16.545997157021695,37.56561247308386,57.63968693108564,45.22791322309252,60.88235786932744,65.39590439173601,40.30427546020991,68.14706366902108,85.93815669897727,61.613961630299464,43.450240741082816,27.20338260804091,34.98817326661408,42.036237288563925,40.117108123533946,16.255770644621613,17.466189895587007,22.921085239968527,20.717315206320638,19.980498255069193,19.815441836623883,22.298282549368945,22.02063857125208,13.669168370957593,33.542002734143814,24.161021805204673,28.998039278545313,26.171941267878992,17.106570439732756,23.881378326630387,14.885506000928816,26.783646391528066,15.051158349776191,19.080126039585082,14.051138107296069,15.897169056205856
PL63 - Pomorskie,22.860740542106903,23.401722596344506,13.3704221506674,10.97626432386884,10.47380889587026,18.6290430188357,16.26152683010472,9.786217606516944,10.545181868096696,0.0,12.389145550574693,19.214861474786627,16.02524349118123,18.786261436259306,15.678104533549002,12.074744427039873,32.18306159127805,48.99410208764124,40.02665722667795,54.599090496683715,56.252435675069904,34.72199713548224,56.476894404156745,75.54692475079781,51.29292747861768,42.338212898242716,25.257078140112945,33.36815035598671,42.76364441099576,37.26158508123796,16.266276156538897,16.742797049980478,19.235261442342207,20.406161690474313,15.38063189106434,21.927892903623043,23.282262817913544,23.245673753325867,10.951898265939098,30.931626741145507,22.89745460687504,29.885970862980386,24.05150265996999,18.510871757000594,19.629166170351706,14.29517968924722,23.987809208739776,15.03074167149454,20.52546829221741,18.02039241745035,17.18121657977105
PL71 - Łódzkie,12.650092940190204,14.792580407331203,12.381684291141836,12.926404506216521,10.198144528485706,12.609551640015555,10.212583434155006,14.16650116290306,14.679084764825008,12.389145550574693,0.0,9.60508777844106,10.272846813689785,11.81979014442636,13.587706396380455,11.71882873049164,39.55834945679063,68.18502425092458,53.342027814622575,70.04874796467277,69.19453023400882,48.738618908616715,76.24204232033938,96.73636973276703,71.18030665396824,54.70806818147504,37.8035924061244,45.75219932619172,49.50726683732966,53.933669674275116,19.290647550080262,19.126054365060437,18.76129277333388,21.333005156851772,17.467948191147574,19.732153660960137,28.229371278152236,21.991371106653844,14.845232244396158,22.39449374686307,17.204903655672254,30.899617684835743,28.841246236125063,27.206085765308014,16.133542521467056,13.420132371124811,26.492839775259977,17.262632806892352,23.62181712318474,22.9291646710238,21.591083771064106
PL72 - Świętokrzyskie,11.857581850046616,15.698066747225733,13.896196906681586,16.208068468595904,13.881634113686827,11.768538843838252,10.856035947632858,23.63932406796248,21.24213693477632,19.214861474786627,9.60508777844106,0.0,12.901441808548329,9.738792760084317,15.177838566700705,16.080182642705754,46.77306918787203,73.44630632048631,61.127068826286866,79.15682188557548,76.33587212971405,56.95240153559395,81.29923005798433,100.94318574489755,76.29673310302401,56.381581415599356,45.82897165189929,51.24901925449776,56.74076940362237,52.807763966558035,24.67174361687915,25.305415181800104,21.09518820265659,28.361169084580013,22.338498531649524,21.650708979522776,22.944214324013622,25.66768178498602,18.4127054414455,18.311716644493934,14.235433684636849,37.470299616847356,36.112840213249434,29.621345986200616,16.399308223540917,15.48778217346803,30.256842236192618,25.60906431380754,28.091999242147853,23.759813370532815,27.021976824035665
PL81 - Lubelskie,13.277521156293385,19.945352744322896,14.609877255808668,9.401546815515477,13.420385105785552,15.155162112479424,10.550367426368128,15.697361633140305,17.296873917948766,16.02524349118123,10.272846813689785,12.901441808548329,0.0,10.672127606744503,8.73555142238499,14.42090585738314,54.544730302508924,86.15358260455483,65.53545158378138,82.23728517557731,66.70594841204266,61.798573950278914,97.36737338784462,90.00662757401487,93.62270375938935,67.3087947243951,46.50229618610134,60.227089771836795,53.28476008070536,61.25818577498315,19.94451987398108,21.167145866608276,22.04836065414339,21.541103373874197,17.831691665839966,15.109525267853563,31.96131698024012,17.596109047708154,16.778117584871143,16.52743220485152,14.156748764424604,27.587021820066937,37.51610762574524,31.9768284150589,13.822874106447932,14.328967296509262,33.17313129470867,18.466644459017143,20.066535228174153,21.40800522774967,22.179824214074507
PL82 - Podkarpackie,10.220514730778117,18.089232867109736,14.900077342845272,12.3177928138023,13.42109131738804,14.737838710616707,9.449481456930908,19.063326839003484,17.330288371477316,18.786261436259306,11.81979014442636,9.738792760084317,10.672127606744503,0.0,15.337154903860107,17.423262270001498,44.4113931506034,71.87538289220699,55.35353760433566,74.44403529899635,71.14459569187851,54.22848328042244,80.92149384139674,92.75443672298329,76.06791276066326,57.067266247489755,38.83234925230911,49.23040501611684,51.16196402048091,54.145584172214505,22.97903937516546,22.530673404271734,21.883422628916637,27.79121515518677,19.69375180163054,20.035298693778305,23.862994335049237,22.356324383428753,16.42765882808249,21.079184774318747,14.81546503481868,31.702636629289554,34.75214295505025,29.139949164879546,16.921313603638986,16.00394542230096,28.899846299662233,20.969298390695542,26.469304221879966,22.001538690995766,24.731381240827265
PL84 - Podlaskie,18.743107724915227,23.270813912164318,18.187772981841366,11.15667836811339,14.06774646634767,18.796505655799823,15.08766731534548,16.291223380481426,17.457659475308247,15.678104533549002,13.587706396380455,15.177838566700705,8.73555142238499,15.337154903860107,0.0,17.38877702438308,57.74736237192467,90.76542549737594,70.78169847749606,85.9181165307801,70.8554963014816,67.15949122243727,103.83312718439612,93.83836823017745,99.74887084050965,72.63036486658092,50.64472165599732,64.4695326871105,58.04185017426311,62.10000737440178,20.652542490103876,19.658687800372167,19.689577573337797,20.319857056239012,18.285334461438563,15.571476897244539,38.66656929719583,16.735695356666827,14.355157273014441,17.832189557833598,11.760956922998803,27.655313193121096,41.05286010160986,30.037598874170534,14.383204378079277,14.727038583358665,35.494907350534916,19.723262093594112,19.577974452921893,16.951852669412244,19.987173678769448
PL9 - Mazowieckie,16.057951219573255,18.07262002389719,12.203915740081113,13.583626791806463,11.337740026984749,14.6056407412934,15.383391773732292,15.113902667912766,16.545997157021695,12.074744427039873,11.71882873049164,16.080182642705754,14.42090585738314,17.423262270001498,17.38877702438308,0.0,38.98577049613602,54.381088795033314,48.82260406718482,62.090345990920625,59.05960976756864,44.119012816342,57.55333344490653,86.75297142858221,57.123751947125974,46.982570690343806,33.95875639083077,44.92144843082951,57.126860324875445,50.13118244515308,22.761659410133742,18.76296817231593,16.894232637131932,22.29177227345709,16.717828365167396,25.683234960019778,31.050156372604405,23.281370889406197,12.181112516743191,28.79615956157265,23.832524314790568,38.34689956085761,21.248049678909748,30.854781342905955,16.241591102818134,16.39400248868915,27.81886703710131,22.037264129573973,24.64571488757742,24.282851628041847,21.439731871856296
CZ010 - Prague,46.73006772995304,37.66118080743067,33.555331615945924,41.5868962296346,36.68951789600059,34.90348116107599,42.145029050048926,35.559479249002095,37.56561247308386,32.18306159127805,39.55834945679063,46.77306918787203,54.544730302508924,44.4113931506034,57.74736237192467,38.98577049613602,0.0,29.91706201752176,26.19127347969063,38.11946584097311,44.83545004849055,24.06802996446878,37.25342327150154,49.56236504404979,32.613442102368204,33.0011103176334,24.419099505187965,27.07986036561942,40.1923885768811,34.341450822863116,41.98828362220725,41.14055073647082,43.60800531620802,49.81985546021253,38.62937617406963,55.23292273934795,47.15866396869062,44.04807329370976,37.524660486968976,58.13707502214423,50.82871706091614,36.72039481570025,34.20677850784849,39.96582505241285,57.50680941625023,41.06706017871225,36.480900334496525,38.12494834810665,52.855629013151535,38.366404479825704,40.89236035308845
CZ020 - Central Bohemian,69.19936781435732,57.39755034878791,52.82458076036016,65.7391438264997,57.6352114501551,54.91122893994186,71.7580364861469,52.17666156648898,57.63968693108564,48.99410208764124,68.18502425092458,73.44630632048631,86.15358260455483,71.87538289220699,90.76542549737594,54.381088795033314,29.91706201752176,0.0,28.104263720588456,29.22587949213493,34.109294032889565,33.332040500743624,20.438224842965543,37.07879451667885,21.455514805327017,37.68646585592148,33.90615923192865,33.277760383426866,37.76559613614638,35.00278056158103,67.11084773914818,65.51861183194114,63.92929386320044,76.3774136707657,58.426457255152606,75.63654889773494,58.82207306567752,63.72849222572511,50.998175624548665,79.35195550821336,68.2641379556555,50.09019154046102,38.70924109829484,59.157018325764525,76.4885336247485,71.14749205270316,50.74189582086267,58.30617548056714,78.57133307734448,59.85398459892543,60.81305542134623
CZ031 - South Bohemian,55.30864700553382,44.66749320617739,41.59536253401386,48.78736479182222,43.572313457398074,43.12959698043945,52.06062173949829,38.731687366123914,45.22791322309252,40.02665722667795,53.342027814622575,61.127068826286866,65.53545158378138,55.35353760433566,70.78169847749606,48.82260406718482,26.19127347969063,28.104263720588456,0.0,39.32973021760815,49.38711602547744,21.59044191739043,30.448275793236814,41.03322388966419,31.508058660268446,25.561790090279768,25.623457532714788,23.42170995401472,36.93071758339484,32.826525561471186,51.516329054206324,53.439507862244994,58.07868026602271,60.668079328446936,48.75874129723491,64.53139853203255,49.453103405384994,63.636270040106,40.87588721904827,83.02661374265581,68.64400262610506,55.72198513681135,34.63965598542692,49.077259121790085,62.19234988395239,56.0139762274262,35.39641470829082,44.817701388567066,63.43238332404382,53.26401840986771,51.697444773226415
CZ032 - Plzeň,75.15744039071534,58.25686669127664,56.92043425765903,69.7881748039277,59.034466933609174,56.78104177001835,73.7125327540633,55.88627354209361,60.88235786932744,54.599090496683715,70.04874796467277,79.15682188557548,82.23728517557731,74.44403529899635,85.9181165307801,62.090345990920625,38.11946584097311,29.22587949213493,39.32973021760815,0.0,34.461722991750655,35.535076905173526,31.738115703612998,30.88241342225272,32.18440458392851,45.46165855093644,37.03303817564065,37.286005100257356,40.19920163193096,33.396738531220194,71.07633162699496,68.63975682353328,71.44683724179633,78.032981887291,59.438099947010215,73.63722621004986,65.50807425328931,63.932585940792016,53.836177631619606,73.0538424231145,67.7163589534502,46.210288725937524,43.10910035120494,67.42340830051207,80.7266604143124,73.4938106065983,55.38637904900867,65.30699362599587,79.30379205830035,61.821682678199736,64.30743809727879
CZ041 - Karlovy Vary,69.27839438766351,59.971979772928684,57.160088162610215,64.77872542333485,63.62238199474075,59.1401071023551,60.342963124609554,58.98042494576951,65.39590439173601,56.252435675069904,69.19453023400882,76.33587212971405,66.70594841204266,71.14459569187851,70.8554963014816,59.05960976756864,44.83545004849055,34.109294032889565,49.38711602547744,34.461722991750655,0.0,44.74435749855083,32.01511823673398,36.570002447782535,39.4753109932283,51.58338578077853,47.24566170947232,50.44943703114408,50.00252143362982,36.67319553057984,69.83303453952696,66.74967811568565,71.30350497025768,73.36411307990532,61.80838647378985,67.86861552841698,70.00744007638615,57.99714841472087,56.04324979195784,53.740976438358054,53.47530209781695,44.48222048743929,54.073751573822705,71.68734633641539,77.63715144964608,72.19701859669695,57.35997083729638,64.67491338043108,73.5764168170235,60.814899640910724,64.55691272217535
CZ042 - Ústí nad Labem,56.01382228985652,45.11524704002506,36.516175228440694,46.401471060598766,42.47271566705143,42.42509826818409,53.611020839166756,38.84089429957922,40.30427546020991,34.72199713548224,48.738618908616715,56.95240153559395,61.798573950278914,54.22848328042244,67.15949122243727,44.119012816342,24.06802996446878,33.332040500743624,21.59044191739043,35.535076905173526,44.74435749855083,0.0,34.477452014234004,44.8681709951237,29.224972192432258,27.90120021810264,22.755665950885213,27.12985665207096,37.01942704208951,29.250827964146364,47.427688563847674,45.97841319647064,50.58165507760399,53.072803802442024,44.08040864860576,62.745563975283616,47.869203281829776,62.631607854913625,39.328022985672895,78.54255900572475,64.87188088763665,52.80522707101737,32.018951378843134,42.99073679219627,57.704616861977776,50.70233597786001,43.1061821679292,44.594885045195035,58.749268969523044,48.35261780991236,48.396665504454056
CZ051 - Liberec,76.44511669839223,60.16832575905639,56.28922993390917,75.8632598582311,68.21578278962002,59.37015192868493,79.90243155893401,60.31668332368951,68.14706366902108,56.476894404156745,76.24204232033938,81.29923005798433,97.36737338784462,80.92149384139674,103.83312718439612,57.55333344490653,37.25342327150154,20.438224842965543,30.448275793236814,31.738115703612998,32.01511823673398,34.477452014234004,0.0,41.97074043745552,24.1856345993743,39.02877697922208,44.095869848582566,39.61333912153978,36.94070258145289,34.35786173242623,77.86621003281266,76.18222294590036,73.22563478678885,89.18998093271281,66.20989659830757,86.15643593370312,68.00172106646266,72.42974888513012,58.87759135312969,86.5291704529484,74.56870312120995,52.997866719904685,39.61783400120987,70.00175454483735,87.74721857233638,82.1557575234309,53.04506737863159,69.37597344705907,90.77921933753106,70.69207939734407,73.84868826963461
CZ052 - Hradec Králové,94.3691196464526,80.28466511322097,79.88811508858294,86.13449372473336,85.33603894830378,80.44068253122995,84.08046029081325,78.96224035295386,85.93815669897727,75.54692475079781,96.73636973276703,100.94318574489755,90.00662757401487,92.75443672298329,93.83836823017745,86.75297142858221,49.56236504404979,37.07879451667885,41.03322388966419,30.88241342225272,36.570002447782535,44.8681709951237,41.97074043745552,0.0,38.30575640509202,50.42522075889353,57.022616577535366,48.52381249919694,38.03613185645307,35.11581611257928,93.82559579951952,95.70058378697205,100.28809576071022,105.08072819421514,89.08154194883672,88.1044805504961,88.97473602886151,78.38688780200114,78.30791857111801,81.42245475537314,77.04470792992254,63.7285601831318,62.14477186935432,87.8447176841834,108.85681832700458,100.78981231595776,64.40122678152119,81.89624335015546,105.89380903860274,82.13358133480367,89.50485572316562
CZ053 - Pardubice,71.94726683050732,56.8624396976573,53.55944518001223,71.76807508588573,62.62112816042419,56.2833189540832,75.64331900854037,54.777331461536555,61.613961630299464,51.29292747861768,71.18030665396824,76.29673310302401,93.62270375938935,76.06791276066326,99.74887084050965,57.123751947125974,32.613442102368204,21.455514805327017,31.508058660268446,32.18440458392851,39.4753109932283,29.224972192432258,24.1856345993743,38.30575640509202,0.0,42.340845693534035,40.22948908750142,39.32659760419494,35.67745437452951,34.834793370132736,70.21556896957725,70.43882530313174,68.41074378336467,84.56946719674656,63.55149146843997,87.82225710635723,65.51932967500586,76.79289530078594,55.11527904585077,93.30855209404959,75.97197437524233,57.77146449210226,43.70323470600363,62.812188282946366,84.96763121603284,77.6425749448561,54.07194538087046,65.23229249560222,88.39158370991888,66.99228648464133,67.86205168767565
CZ063 - Vysočina,57.458505003686746,53.81443908071726,48.246721406288735,50.7272785745847,50.015573538426466,50.76947912613695,60.020504853516584,41.39111582171097,43.450240741082816,42.338212898242716,54.70806818147504,56.381581415599356,67.3087947243951,57.067266247489755,72.63036486658092,46.982570690343806,33.0011103176334,37.68646585592148,25.561790090279768,45.46165855093644,51.58338578077853,27.90120021810264,39.02877697922208,50.42522075889353,42.340845693534035,0.0,22.369489494572004,15.636593476634975,30.584324702100037,29.37792952252684,52.733826696037035,55.329958392092976,53.18984533273931,60.60704303484271,52.75853113012377,61.267426276354016,47.913845778793664,59.67286486830893,43.62412465823428,76.30058169511814,61.76167355667524,44.34915613517184,25.977763838782298,45.474270317612486,57.14360450670361,57.03496728215195,36.96892749939658,45.65389888452256,63.856747856057204,54.59873778486798,52.1726259858999
CZ064 - South Moravian,43.30139768432356,39.81173741998193,31.043853640305894,32.70547905775127,29.962228689824645,36.559041425607475,36.94599167150254,26.589838513898005,27.20338260804091,25.257078140112945,37.8035924061244,45.82897165189929,46.50229618610134,38.83234925230911,50.64472165599732,33.95875639083077,24.419099505187965,33.90615923192865,25.623457532714788,37.03303817564065,47.24566170947232,22.755665950885213,44.095869848582566,57.022616577535366,40.22948908750142,22.369489494572004,0.0,19.779795346774137,33.88482080413593,25.90897584198589,36.75937272823042,38.68881377785872,44.37723248094544,43.27863402387049,36.26952550815968,45.957362718761786,35.96994258720349,40.37839709357856,28.6202656541111,56.01015122789445,47.83322840651799,36.70908724300498,27.699314617793082,32.564402886597726,44.370734270930804,39.10370685740786,33.850727621908625,32.28972076530296,44.66577744894918,34.46992050722979,35.28419478993347
CZ071 - Olomouc,54.15886832326718,47.84352186042379,37.99348920199903,41.85945780600636,39.532751490063895,41.70312955481819,46.90026116642113,35.17579489593599,34.98817326661408,33.36815035598671,45.75219932619172,51.24901925449776,60.227089771836795,49.23040501611684,64.4695326871105,44.92144843082951,27.07986036561942,33.277760383426866,23.42170995401472,37.286005100257356,50.44943703114408,27.12985665207096,39.61333912153978,48.52381249919694,39.32659760419494,15.636593476634975,19.779795346774137,0.0,30.95830982160459,28.914228243487536,40.99148506832607,43.752239554282,46.856719378636015,48.826959447698734,41.82747102112488,57.78822988973971,43.87440238254421,49.659102578550815,35.32239861881351,66.06672367487593,56.30646677940488,45.82264896337493,26.857285950158836,40.63335937607828,51.86076846671116,45.58270981925816,28.80552454417861,37.161801796329016,52.82877888377458,44.173685961134716,42.67722106257779
CZ072 - Zlín,56.976389179013786,56.752656370164175,43.108150142397186,43.657675771622664,45.45688238459878,49.174799341424084,48.26789859399049,40.1398848968828,42.036237288563925,42.76364441099576,49.50726683732966,56.74076940362237,53.28476008070536,51.16196402048091,58.04185017426311,57.126860324875445,40.1923885768811,37.76559613614638,36.93071758339484,40.19920163193096,50.00252143362982,37.01942704208951,36.94070258145289,38.03613185645307,35.67745437452951,30.584324702100037,33.88482080413593,30.95830982160459,0.0,28.478476220154917,47.08538362997707,51.55425398930001,57.44010427950415,54.853243735654814,51.60825876216555,54.39476386473123,54.98776678079614,52.92405175887805,47.68362307289935,63.47261211276041,53.09348834058796,39.924328375198236,48.20184391749798,42.7142478892154,60.84524646218688,51.80433105374351,40.48653330305837,40.187563945510654,59.93576619833649,54.032417003587916,48.15019906726709
CZ080 - Moravian-Silesian,56.61670027989926,58.68952546335284,51.59669657136601,46.121063286011406,47.780072884049524,56.194843886782785,52.86270233537338,40.336218785738566,40.117108123533946,37.26158508123796,53.933669674275116,52.807763966558035,61.25818577498315,54.145584172214505,62.10000737440178,50.13118244515308,34.341450822863116,35.00278056158103,32.826525561471186,33.396738531220194,36.67319553057984,29.250827964146364,34.35786173242623,35.11581611257928,34.834793370132736,29.37792952252684,25.90897584198589,28.914228243487536,28.478476220154917,0.0,40.764404510587276,45.367698456812526,50.46662640932504,53.05705025392844,45.06097416019938,51.14977970568415,40.464287868001755,47.461441744451115,39.09892997151667,57.496541315686954,51.24469634350782,40.11568282854246,36.64914473785143,36.826182163243665,51.61672739330482,48.1437117456083,37.01503347894154,41.08449972075079,51.28346115758359,43.63726096373481,43.73602924718
SE110 - Stockholm,25.343325727165322,25.52059975479311,21.655491254282136,15.703022829304027,18.107360040802067,23.902231347252325,20.1437149834604,18.763110156200252,16.255770644621613,16.266276156538897,19.290647550080262,24.67174361687915,19.94451987398108,22.97903937516546,20.652542490103876,22.761659410133742,41.98828362220725,67.11084773914818,51.516329054206324,71.07633162699496,69.83303453952696,47.427688563847674,77.86621003281266,93.82559579951952,70.21556896957725,52.733826696037035,36.75937272823042,40.99148506832607,47.08538362997707,40.764404510587276,0.0,10.989004495095674,19.719985765359667,16.384880603709647,13.264825231149425,12.647104685908621,20.950889280372213,17.435652267154488,14.454587658874958,27.339764742514163,18.703420399465813,28.0318764711625,29.032832294807005,16.43799938148428,24.27018165204003,12.026570127417395,18.929097648366557,10.805545561550455,16.734324510139327,22.064020067372045,17.948871798749188
SE121 - Uppsala,22.785543518295874,27.466483261105246,21.351637415040027,17.417191504485046,18.282097542683243,27.61968405291208,22.755195755368003,19.025547011193794,17.466189895587007,16.742797049980478,19.126054365060437,25.305415181800104,21.167145866608276,22.530673404271734,19.658687800372167,18.76296817231593,41.14055073647082,65.51861183194114,53.439507862244994,68.63975682353328,66.74967811568565,45.97841319647064,76.18222294590036,95.70058378697205,70.43882530313174,55.329958392092976,38.68881377785872,43.752239554282,51.55425398930001,45.367698456812526,10.989004495095674,0.0,16.044285273979746,14.6598492869938,13.907101651485341,16.522925749203605,18.2899635324939,18.72635898774881,13.294028515918205,25.50773153947319,18.939606058612238,32.04850099450111,25.50875130331107,17.898208727420496,22.350506495775505,11.994703258112684,20.21530894154117,12.646619344714832,14.681074458001712,23.041956503063243,14.310969211655124
SE122 - Södermanland,21.116419165566356,22.565446387589112,23.0729752536088,19.100476304844488,17.34334429162169,21.66606676884709,23.617236127604237,21.838835634027816,22.921085239968527,19.235261442342207,18.76129277333388,21.09518820265659,22.04836065414339,21.883422628916637,19.689577573337797,16.894232637131932,43.60800531620802,63.92929386320044,58.07868026602271,71.44683724179633,71.30350497025768,50.58165507760399,73.22563478678885,100.28809576071022,68.41074378336467,53.18984533273931,44.37723248094544,46.856719378636015,57.44010427950415,50.46662640932504,19.719985765359667,16.044285273979746,0.0,14.5479802021872,14.423831779776618,26.257018946862676,24.177565771736578,23.196919508596444,14.418750811694107,26.66234627746698,23.381520030527735,44.03199857769153,24.19618919658648,24.553367725646368,12.388731618009993,12.409393004069733,29.636641877018395,20.694767672131047,14.995764354048651,22.32376151066155,16.264543319070686
SE123 - Östergötland,31.441384886984167,30.821909368501498,24.64364172422645,19.236082630073263,22.482445314053308,29.910031524506064,27.244710865683697,22.396365475072024,20.717315206320638,20.406161690474313,21.333005156851772,28.361169084580013,21.541103373874197,27.79121515518677,20.319857056239012,22.29177227345709,49.81985546021253,76.3774136707657,60.668079328446936,78.032981887291,73.36411307990532,53.072803802442024,89.18998093271281,105.08072819421514,84.56946719674656,60.60704303484271,43.27863402387049,48.826959447698734,54.853243735654814,53.05705025392844,16.384880603709647,14.6598492869938,14.5479802021872,0.0,14.919331505463287,18.332771754090338,25.878083617824764,18.589205410151088,17.671298243400575,29.443840256368198,22.807987362023823,30.110547664162613,30.68734381094963,19.59573294254893,14.602251214447662,13.398825776369824,30.788852561862612,16.39958702995928,12.896682029182914,20.49307515620455,16.439690649186847
SE124 - Örebro,26.264255368127124,23.292202310273595,17.94551200534457,16.91734928705347,15.606868174927577,20.26883990833153,20.835587545472855,19.168825606752982,19.980498255069193,15.38063189106434,17.467948191147574,22.338498531649524,17.831691665839966,19.69375180163054,18.285334461438563,16.717828365167396,38.62937617406963,58.426457255152606,48.75874129723491,59.438099947010215,61.80838647378985,44.08040864860576,66.20989659830757,89.08154194883672,63.55149146843997,52.75853113012377,36.26952550815968,41.82747102112488,51.60825876216555,45.06097416019938,13.264825231149425,13.907101651485341,14.423831779776618,14.919331505463287,0.0,17.567246028466705,22.00370674789809,19.21828451834832,14.036258278353102,23.752916127955213,18.926615133401505,30.012930229311795,23.71318789102858,22.576408890929304,19.62693680512681,13.67945830262328,22.86778920054749,15.462238724283056,13.343016094175056,23.462502831939236,15.574315425885942
SE125 - Västmanland,23.501291178048433,23.754304433773086,22.350415523417734,15.200445077745181,19.43567809842887,25.10806154172138,17.879186935378932,20.039610334427486,19.815441836623883,21.927892903623043,19.732153660960137,21.650708979522776,15.109525267853563,20.035298693778305,15.571476897244539,25.683234960019778,55.23292273934795,75.63654889773494,64.53139853203255,73.63722621004986,67.86861552841698,62.745563975283616,86.15643593370312,88.1044805504961,87.82225710635723,61.267426276354016,45.957362718761786,57.78822988973971,54.39476386473123,51.14977970568415,12.647104685908621,16.522925749203605,26.257018946862676,18.332771754090338,17.567246028466705,0.0,29.843226544874472,15.520259116908608,18.22116434740318,19.613106297713955,14.903322465092078,25.870942526913733,41.52577921040309,21.43203570685468,25.796156787845014,15.204079066779753,24.99091599058434,14.712314095512875,17.6834723712731,23.901316720358377,21.58472857469545
SE211 - Jönköping,25.021904175949945,31.624578244743386,38.04113897368574,26.480726410043065,26.87456271927437,32.1806214954317,29.119096997602938,25.150501195030383,22.298282549368945,23.282262817913544,28.229371278152236,22.944214324013622,31.96131698024012,23.862994335049237,38.66656929719583,31.050156372604405,47.15866396869062,58.82207306567752,49.453103405384994,65.50807425328931,70.00744007638615,47.869203281829776,68.00172106646266,88.97473602886151,65.51932967500586,47.913845778793664,35.96994258720349,43.87440238254421,54.98776678079614,40.464287868001755,20.950889280372213,18.2899635324939,24.177565771736578,25.878083617824764,22.00370674789809,29.843226544874472,0.0,31.204465683375822,21.780953759399537,48.27215604016489,37.50879099806317,40.90053432083024,25.998396710282954,16.810878210816277,28.321671028491114,22.984404293200686,26.91611150806983,22.325784775169854,23.552842117060976,24.498178169421426,18.786431641354337
SE212 - Kronoberg,23.548659029133532,28.131499915758816,23.665501621245504,15.44080865691447,21.27753031937482,28.712881934637334,18.48079763853094,19.65879410447608,22.02063857125208,23.245673753325867,21.991371106653844,25.66768178498602,17.596109047708154,22.356324383428753,16.735695356666827,23.281370889406197,44.04807329370976,63.72849222572511,63.636270040106,63.932585940792016,57.99714841472087,62.631607854913625,72.42974888513012,78.38688780200114,76.79289530078594,59.67286486830893,40.37839709357856,49.659102578550815,52.92405175887805,47.461441744451115,17.435652267154488,18.72635898774881,23.196919508596444,18.589205410151088,19.21828451834832,15.520259116908608,31.204465683375822,0.0,18.56118197627414,17.447145138541117,14.631854362656858,19.928124571487537,40.84968117541488,23.65044400782309,23.836840539252172,16.12411459430383,33.234747210401856,13.74771990781236,18.66343634202432,17.312654935456564,22.141281650177888
SE213 - Kalmar,16.8312671629612,19.79266082133139,15.821048030877716,12.738251176858848,8.616265846111542,18.53795860287675,14.545372617670361,14.007172506676628,13.669168370957593,10.951898265939098,14.845232244396158,18.4127054414455,16.778117584871143,16.42765882808249,14.355157273014441,12.181112516743191,37.524660486968976,50.998175624548665,40.87588721904827,53.836177631619606,56.04324979195784,39.328022985672895,58.87759135312969,78.30791857111801,55.11527904585077,43.62412465823428,28.6202656541111,35.32239861881351,47.68362307289935,39.09892997151667,14.454587658874958,13.294028515918205,14.418750811694107,17.671298243400575,14.036258278353102,18.22116434740318,21.780953759399537,18.56118197627414,0.0,25.023689003356917,16.74550384068752,26.250876669396675,20.997152359632466,20.87639691921989,16.21015151322444,14.665381528243909,19.633709118115096,14.932562337606731,18.25177717868279,20.636408730567062,16.57905601745857
SE214 - Gotland,20.31912180756708,27.655599923830554,23.585535169973387,20.517269086637775,26.689714756810776,28.547047156209093,18.971778453800784,29.168784070183527,33.542002734143814,30.931626741145507,22.39449374686307,18.311716644493934,16.52743220485152,21.079184774318747,17.832189557833598,28.79615956157265,58.13707502214423,79.35195550821336,83.02661374265581,73.0538424231145,53.740976438358054,78.54255900572475,86.5291704529484,81.42245475537314,93.30855209404959,76.30058169511814,56.01015122789445,66.06672367487593,63.47261211276041,57.496541315686954,27.339764742514163,25.50773153947319,26.66234627746698,29.443840256368198,23.752916127955213,19.613106297713955,48.27215604016489,17.447145138541117,25.023689003356917,0.0,13.741709199526738,27.900581407717667,61.710420493448744,42.838571043656195,25.061222115672297,23.46574850552499,42.579956224626166,23.683373347475072,27.745138167348422,25.26749070619554,33.64668318528148
SE221 - Blekinge,16.730673018762374,22.224501638895244,20.431234839752374,16.331098976093863,19.19340581243003,20.00579619153581,14.888760136166791,23.34872487559013,24.161021805204673,22.89745460687504,17.204903655672254,14.235433684636849,14.156748764424604,14.81546503481868,11.760956922998803,23.832524314790568,50.82871706091614,68.2641379556555,68.64400262610506,67.7163589534502,53.47530209781695,64.87188088763665,74.56870312120995,77.04470792992254,75.97197437524233,61.76167355667524,47.83322840651799,56.30646677940488,53.09348834058796,51.24469634350782,18.703420399465813,18.939606058612238,23.381520030527735,22.807987362023823,18.926615133401505,14.903322465092078,37.50879099806317,14.631854362656858,16.74550384068752,13.741709199526738,0.0,20.306657024505547,46.631836254140424,28.217045310067522,19.716752137490154,15.80392889029057,30.80380207046407,17.490140562840253,22.768007113751572,20.51236819271583,24.561827295277222
