,PL21 - Małopolskie,PL22 - Śląskie,PL41 - Wielkopolskie,PL42 - Zachodniopomorskie,PL43 - Lubuskie,PL51 - Dolnośląskie,PL52 - Opolskie,PL61 - Kujawsko-Pomorskie,PL62 - Warmińsko-Mazurskie,PL63 - Pomorskie,PL71 - Łódzkie,PL72 - Świętokrzyskie,PL81 - Lubelskie,PL82 - Podkarpackie,PL84 - Podlaskie,PL9 - Mazowieckie,CZ010 - Prague,CZ020 - Central Bohemian,CZ031 - South Bohemian,CZ032 - Plzeň,CZ041 - Karlovy Vary,CZ042 - Ústí nad Labem,CZ051 - Liberec,CZ052 - Hradec Králové,CZ053 - Pardubice,CZ063 - Vysočina,CZ064 - South Moravian,CZ071 - Olomouc,CZ072 - Zlín,CZ080 - Moravian-Silesian,SE110 - Stockholm,SE121 - Uppsala,SE122 - Södermanland,SE123 - Östergötland,SE124 - Örebro,SE125 - Västmanland,SE211 - Jönköping,SE212 - Kronoberg,SE213 - Kalmar,SE214 - Gotland,SE221 - Blekinge,SE224 - Skåne,SE231 - Halland,SE232 - Västra Götaland,SE311 - Värmland,SE312 - Dalarna,SE313 - Gävleborg,SE321 - Västernorrland,SE322 - Jämtland,SE331 - Västerbotten,SE332 - Norrbotten
PL21 - Małopolskie,0.0,7.064985554778605,6.246960835095834,6.645596444843525,8.089904243001103,4.17692425374148,5.769476656603717,7.66194105082215,6.460376364564832,5.060692239779302,8.302291790474957,5.318834224285411,4.985957622623566,4.443320021597914,4.32294680769927,5.197175943955861,11.129167108257029,14.210731082059816,15.83352947507284,25.439837025450586,43.904123174731204,14.272030898487014,20.225637444476856,16.791716251718924,17.433152907268266,11.61653014114052,9.904970259160969,10.912182807984738,13.05761530615425,15.638034873708676,15.657048667505185,9.204159584199509,17.021950305418613,10.1712724602513,9.921401443882445,16.498128491469117,9.485135574405176,9.592540055361,9.445343539400733,10.585248611019688,11.263330227891604,9.85946808850126,9.493572977062675,9.832010120069269,10.119422616270324,10.153556996816706,15.690987497248134,9.092142540504007,11.88987308968878,9.113231653384336,10.185397355686671
PL22 - Śląskie,7.064985554778605,0.0,5.1827320127522105,6.546620625172008,6.612631994024334,5.856987158810684,6.785828739265857,6.668662166019395,8.913135340821718,6.677652881810438,6.769438648949523,7.550810653440644,6.9507556559666535,4.333539597485219,7.100670528087442,6.67942106388453,11.862899476395558,11.74289596873679,18.95554451771063,23.72418891175129,43.4694804404831,12.556382784787719,17.75780233115383,16.357073517470823,15.71750479356897,14.099166521437951,11.15701388635005,12.188951105541719,13.19534288842301,14.105181732183242,15.29433987162583,12.350595388335606,16.65924150953926,12.84013867439292,12.2738710296194,16.019698618724572,13.364207549484089,12.921555512132658,12.284577700932648,12.238829292467148,13.28772120599417,13.406217702028444,13.315189039634818,12.639552775413714,12.49790368905658,11.830684756344855,14.213715248271367,12.283920105974001,13.914264067791345,13.914264067791345,13.114561557125313
PL41 - Wielkopolskie,6.246960835095834,5.1827320127522105,0.0,5.195285310463295,6.346311057940362,4.774371378989043,6.233792935788786,4.7143605321142,5.818009522913909,4.821045602774633,4.34192755904919,5.19009881732715,3.855629838058845,4.919225846932059,5.590800524559353,4.95727778979371,9.64983616060087,12.731400134403657,19.728835496055833,23.747694668596814,43.08397245833278,13.443853358186008,18.746306496820697,15.971565535320503,15.741010550414495,14.126004258854763,11.826167183255333,12.21578884295853,13.222180625839822,11.644824460846365,15.171390511861201,9.255469570427797,16.536292149774628,9.745012856485111,9.17874521171159,16.215642967772276,10.26908173157628,9.82642969422485,9.189451883024839,10.214877868905997,10.19259538808636,10.311091884120636,10.22006322172701,9.544426957505905,9.402777871148771,9.173088213182751,9.518940057908788,9.188794288066193,10.819138249883537,10.819138249883537,10.019435739217505
PL42 - Zachodniopomorskie,6.645596444843525,6.546620625172008,5.195285310463295,0.0,5.454239612198565,5.831539590250113,10.311940571519932,6.5231218989016755,5.381326406799435,3.475930397225911,4.510792696626108,7.111647392156645,5.653155314900788,5.838357422381756,5.458984927993575,4.9632165758182065,10.25860731654393,13.340171290346717,19.3103882184083,24.417672213820754,43.00307476712227,14.73589224353736,19.355077652763757,15.890667844109988,16.410988095638434,15.794425933813223,14.427078607726136,13.884210517916989,14.890602300798282,10.55310690110916,15.775650892838739,6.9780460044464965,17.140552530752167,6.642997616373089,7.159266314852233,16.55910572326079,7.167066491464258,6.724414454112827,6.087436642912817,6.5093926592819535,7.558284572808975,7.209076644008614,7.118047981614988,6.442411717393882,6.414376961187694,9.028843682934792,13.055322866445596,6.14907757205577,8.648084001444502,7.717123009771514,6.917420499105482
PL43 - Lubuskie,8.089904243001103,6.612631994024334,6.346311057940362,5.454239612198565,0.0,6.341493477837706,8.230356122012397,6.668308456947582,7.16992945968888,5.861888298876348,5.26087910492169,7.0330422252324185,5.767301953446839,6.762169254837327,5.66041098530336,6.800221197698979,8.458666594911705,10.051756214613636,16.32591440570809,22.074100011985216,41.12956549617843,11.620507821060201,16.066662577030677,14.017158573166151,14.067415893802895,14.914955098417101,12.345494158218601,13.004739682520867,14.01113146540216,12.59662218815541,15.775650892838739,9.176874012906987,17.140552530752167,9.435905792909066,9.688839708401126,16.676031829469448,9.959974668000235,10.008445583279995,9.371467772079985,11.001154138938682,9.883488324510317,10.275373616420254,9.910956158150965,10.247915647988263,9.230703665520226,9.959364483215438,14.586495928962128,9.236779112794785,11.001154138938682,10.510031186307492,10.601302883605666
PL51 - Dolnośląskie,4.17692425374148,5.856987158810684,4.774371378989043,5.831539590250113,6.341493477837706,0.0,5.970498078845904,6.564106351438783,6.344651293969514,4.743152576333914,6.610307984838666,4.799083743946577,4.536028518046207,5.30606691706176,3.473611231280296,3.990244742124752,9.001035410644668,12.082599384447455,18.512616105524224,24.544590038760973,43.89073947553219,15.357769861909517,18.097505746864496,16.77833255251991,16.537905920578652,14.807320626974871,11.86516799188697,12.897105211078635,13.90349699395993,13.946051068072386,15.32802439789537,7.260591557402059,16.692926035808796,6.983151515582236,7.056791620678522,16.435002178346096,7.712948835947301,7.835136430527939,7.305527244232626,7.609650414037292,7.981658964036865,7.549230543217761,7.458201880824135,6.90176892261608,7.004768646579918,8.581217187991422,13.942576732084738,7.664839433843467,8.057276908980661,8.057276908980661,7.257574398314629
PL52 - Opolskie,5.769476656603717,6.785828739265857,6.233792935788786,10.311940571519932,8.230356122012397,5.970498078845904,0.0,6.693279654654573,8.691235786842162,7.450502562054143,9.362048300939824,6.764268287418719,4.658785256619144,5.585456027536371,4.99568476837145,6.983219211293808,10.63744946904907,13.719013442851857,16.256594152719988,25.365866134587503,43.323453866523074,14.578433845028476,19.733919805268897,16.350350150849152,17.35918201640518,12.544818256323603,9.602665621235703,10.63460284042737,11.640994623308663,12.882901104387601,15.173247907329543,9.783736783357597,16.53814954524297,9.428086515497842,11.210870652690907,15.973228346375386,11.00029314077135,12.159756627958762,11.221577324004155,10.975027920368921,12.224720829065678,10.327965023634144,11.35524009914787,10.854278601888273,12.296372601009427,11.955936258544288,11.353818403547711,11.020118733875774,12.650462695693118,11.914454216875443,11.051057674361054
PL61 - Kujawsko-Pomorskie,7.66194105082215,6.668662166019395,4.7143605321142,6.5231218989016755,6.668308456947582,6.564106351438783,6.693279654654573,0.0,6.330775925140535,5.1430430017818525,4.920917651535663,6.962877626701694,5.7471802289446865,6.883487690158246,5.912797923566573,6.012715971177622,8.021552353373702,10.020294551654757,22.070079947113793,22.733361969361333,41.68588893393992,12.515939954414453,16.035200914071797,17.48705899170889,14.726677851179014,16.083427804448046,14.167411634313293,14.17321238855181,15.528207072338269,10.775188799114161,15.488048014892607,10.503554094783146,16.852949652806036,10.596880990135515,10.575271191235899,16.24462751255025,10.787472585158943,11.456181304854256,11.048759713139582,11.887585621773455,10.829638443057082,11.161805099255027,10.090360537303876,11.134347130823036,10.748001115486874,10.845795966050211,11.191647810776246,9.394433026117715,11.887585621773455,10.415568664138103,11.487734366440439
PL62 - Warmińsko-Mazurskie,6.460376364564832,8.913135340821718,5.818009522913909,5.381326406799435,7.16992945968888,6.344651293969514,8.691235786842162,6.330775925140535,0.0,4.743031632427805,5.345345832132202,7.68432471175349,4.032450530223018,6.334204691494489,4.72894852918544,6.403035966308342,6.891579993228262,9.090415037527572,18.986303739785043,22.504088233277017,42.3762418852181,12.013952146880834,15.105321399944613,15.263834962205822,14.497404115094696,15.581439996914426,12.806373823048366,13.671224581018192,14.677616363899485,9.7451514259283,15.775650892838739,7.881275900264765,17.140552530752167,7.968579793741972,10.376207930796745,16.676031829469448,7.651862235582337,11.579573382973296,10.386914602109993,9.099275878236407,11.390058107171516,8.171350854182107,10.775056854162404,9.327562285307101,11.510011654580909,10.488702627185493,10.242047892138205,7.940741064425329,11.252133420616119,9.996252262770117,9.217642181637578
PL63 - Pomorskie,5.060692239779302,6.677652881810438,4.821045602774633,3.475930397225911,5.861888298876348,4.743152576333914,7.450502562054143,5.1430430017818525,4.743031632427805,0.0,4.042469102312216,6.521972847248231,3.5820848732278243,6.08573557482376,2.7910717489344465,3.162897487317072,8.362838260728758,11.444402234531545,19.524133352047883,23.154710967861426,41.30884066488471,13.394493614784142,17.459308596948585,14.94111239664298,15.148026849679106,14.241936545172779,11.621465039247385,12.331721129276545,13.338112912157838,10.825912306747078,15.73231789172508,7.192051305079233,17.097219529638508,6.947999593294146,7.354285792194069,16.63269882835579,7.566487186117113,8.32388668377781,7.219186604289155,8.666600222731626,8.063509515842146,7.940819700213196,7.519370154966918,7.913361731781207,8.254324955385423,8.985510681821133,13.46297155312338,7.711513657629056,8.666600222731626,7.236611185980907,8.266748967398609
PL71 - Łódzkie,8.302291790474957,6.769438648949523,4.34192755904919,4.510792696626108,5.26087910492169,6.610307984838666,9.362048300939824,4.920917651535663,5.345345832132202,4.042469102312216,0.0,7.603228366354502,4.860896397020265,7.3645470986162005,5.251439199582169,6.65306671083043,9.799613397859485,12.881177371662272,20.458402384580406,24.44667314498191,42.84654132646495,13.902447843714148,18.896083734079312,15.8753814291755,16.43998902679959,15.339291988082367,13.477186337146028,13.429076572186133,14.435468355067426,9.922994094489582,15.61524043455809,8.78280587964609,16.98014207247152,9.272349165703405,10.470596562017018,16.5156213711888,9.796418040794574,9.353766003443143,10.481303233330266,9.183498736567127,11.484446738391789,9.83842819333893,9.747399530945303,9.071763266724199,8.930114180367065,10.374673507316889,11.863045726576257,8.716130597284486,11.346522051836391,10.34647455910183,9.546772048435798
PL72 - Świętokrzyskie,5.318834224285411,7.550810653440644,5.19009881732715,7.111647392156645,7.0330422252324185,4.799083743946577,6.764268287418719,6.962877626701694,7.68432471175349,6.521972847248231,7.603228366354502,0.0,6.8512917153339385,4.378922941887239,7.225417852330468,6.58003088060616,10.668452412269072,12.197067812672962,15.953572531136912,24.71112304499674,43.869630596008165,13.543316918033169,18.211974175090003,16.75722367299588,16.70443892681442,12.097221895594908,10.879406323624924,10.213119383864282,12.358551882033796,14.938971449588221,15.696107725159354,11.092079588038116,17.061009363072785,10.99263166950944,11.195774768959401,16.51694549411068,11.85193198422818,11.416025602325181,11.444510392513505,12.408734157983869,11.225389122431004,11.68295363546544,11.252856956071653,11.655495667033449,11.143751794860798,11.366944502260623,14.63412547947945,9.982958519372685,12.408734157983869,11.483927744819342,12.008882902650852
PL81 - Lubelskie,4.985957622623566,6.9507556559666535,3.855629838058845,5.653155314900788,5.767301953446839,4.536028518046207,4.658785256619144,5.7471802289446865,4.032450530223018,3.5820848732278243,4.860896397020265,6.8512917153339385,0.0,4.179746683757785,3.505256133290227,5.000408460066301,8.555354216132692,11.636918189935479,16.322899718169104,23.78914566294583,41.8021780830154,13.593813479528876,17.65182455235252,14.68977116000312,15.78246154476351,13.552567524154638,10.610414889066737,11.642352108258404,12.648743891139697,10.65207725108511,15.588711069702505,9.19964790993222,16.953612707615935,8.796764421975645,8.54689340560679,16.676031829469448,8.89578602562325,10.176945876731255,8.070835501125078,8.839930276088928,9.916568708795591,8.84993417606202,9.372429347920363,8.735866622610509,10.107384148338868,9.086075120943452,12.289075517176876,8.09052684126679,10.515365051413125,8.984862324266459,8.516108774748044
PL82 - Podkarpackie,4.443320021597914,4.333539597485219,4.919225846932059,5.838357422381756,6.762169254837327,5.30606691706176,5.585456027536371,6.883487690158246,6.334204691494489,6.08573557482376,7.3645470986162005,4.378922941887239,4.179746683757785,0.0,5.329776164708837,6.326318607276141,8.664648374979901,11.326021830339924,16.98442399311442,22.639671110097332,43.23346504064452,11.47186498313376,17.340928192756962,16.121058117632238,14.632986991915011,11.931236695003376,9.527591973908725,10.021021279107142,11.603101539496311,14.183521107050737,15.493650551618325,10.066734262095714,16.858552189531753,11.30041512357158,11.050544107202725,16.441031545119102,10.790901351512897,10.898305832468722,10.574486202721014,11.89101438812741,12.392472891211884,11.16523386560898,10.622715640382955,11.13777589717699,11.248565279590604,11.282699660136986,14.363252509084358,9.758327829374371,13.01901575300906,10.716012966375688,11.491163132794393
PL84 - Podlaskie,4.32294680769927,7.100670528087442,5.590800524559353,5.458984927993575,5.66041098530336,3.473611231280296,4.99568476837145,5.912797923566573,4.72894852918544,2.7910717489344465,5.251439199582169,7.225417852330468,3.505256133290227,5.329776164708837,0.0,2.3268691961958003,8.097647438317797,11.179211412120583,19.10856301857163,21.349912613083088,40.7836518357918,12.537926157575203,17.194117774537624,14.525542063166725,13.343228494900767,15.057572031536697,12.115419396448797,13.147356615640463,14.153748398521756,12.587182282815888,15.775650892838739,6.868272180027273,17.140552530752167,7.282072318072615,7.612635225623479,16.59191339070767,6.263537021396647,7.899886671562915,7.6233418969367275,7.325238172185898,8.626485401998249,6.352516797958198,6.856728151169319,6.4512503627548305,7.300687832637977,9.028843682934792,13.83098539558112,8.481268579413776,9.000672947510095,6.918769448503992,7.001416670845014
PL9 - Mazowieckie,5.197175943955861,6.67942106388453,4.95727778979371,4.9632165758182065,6.800221197698979,3.990244742124752,6.983219211293808,6.012715971177622,6.403035966308342,3.162897487317072,6.65306671083043,6.58003088060616,5.000408460066301,6.326318607276141,2.3268691961958003,0.0,7.466574472218886,10.505698343780345,19.014646319366527,23.44315174847418,42.4469743630287,13.322552644801096,16.520604706197386,15.334567440016423,15.436467630291858,14.84234623369459,11.90019359860669,12.932130817798356,13.938522600679649,13.98880979406415,14.840916654607884,7.7792171423380765,16.20581829252131,6.937038416580235,7.343324615480158,15.965633808413997,7.555526009403202,7.662930490359027,7.145231053190631,8.655639046017715,7.673897173692814,7.929858523499285,7.102289979176937,7.902400555067296,7.238169751438916,8.094109444703937,14.401304451946011,7.471526321754444,8.655639046017715,7.5644315566723135,8.255787790684698
CZ010 - Prague,11.129167108257029,11.862899476395558,9.64983616060087,10.25860731654393,8.458666594911705,9.001035410644668,10.63744946904907,8.021552353373702,6.891579993228262,8.362838260728758,9.799613397859485,10.668452412269072,8.555354216132692,8.664648374979901,8.097647438317797,7.466574472218886,0.0,4.74318578995757,14.756291805473627,15.976577276255293,38.60340225726955,8.022036238921748,9.096470336219827,11.996181073107975,7.969893158072972,9.538683905699227,10.927101510234387,7.628468489802993,10.238781186629573,10.780546692421993,13.566489025181736,12.607018610291224,14.931390663095165,12.575339003196625,12.665228573691882,15.887045448163375,11.724266582519654,13.153110118765706,12.427199621451027,13.64946439659505,13.64946439659505,12.63337166506925,12.151776826203735,12.200928837075013,12.587194112543976,12.95493795944622,14.91013769634664,11.61153444432337,13.64946439659505,11.073434720733184,11.65020811992997
CZ020 - Central Bohemian,14.210731082059816,11.74289596873679,12.731400134403657,13.340171290346717,10.051756214613636,12.082599384447455,13.719013442851857,10.020294551654757,9.090415037527572,11.444402234531545,12.881177371662272,12.197067812672962,11.636918189935479,11.326021830339924,11.179211412120583,10.505698343780345,4.74318578995757,0.0,12.381223597199417,14.084343395413057,35.7843698217461,4.9990513196590385,6.01490636241704,10.871673368569134,6.077659277230737,7.964665618117618,8.023261583403155,7.818523527829505,10.573772043816962,9.135551330209319,15.384839494208931,15.68858258409401,16.46226759681712,15.656902976999412,15.74679254749467,16.37457185883165,14.80583055632244,16.234674092568493,15.508763595253814,16.731028370397837,16.731028370397837,15.714935638872037,15.233340800006522,15.2824928108778,15.668758086346763,16.036501933249006,13.25133931541179,14.693098418126157,16.731028370397837,14.154998694535971,14.731772093732756
CZ031 - South Bohemian,15.83352947507284,18.95554451771063,19.728835496055833,19.3103882184083,16.32591440570809,18.512616105524224,16.256594152719988,22.070079947113793,18.986303739785043,19.524133352047883,20.458402384580406,15.953572531136912,16.322899718169104,16.98442399311442,19.10856301857163,19.014646319366527,14.756291805473627,12.381223597199417,0.0,14.718667524108916,35.9879489064494,11.226532835483907,13.979221184316126,11.07983683319453,11.394169668609177,6.461410071818635,7.9026683128005,8.7050550960168,9.848619611524947,11.29489114799963,22.094354359614023,21.90254089414702,22.979164670828073,20.765056286559396,23.003196643851506,23.262387604603827,22.88731943014016,20.512952521949266,22.76516769161065,22.311997691430477,22.734346743160323,21.664934794695696,23.388357438598145,22.596838329615437,23.63334237207098,23.640169248180257,23.987432466754672,23.579846476300336,23.2229649184021,23.619428227345836,23.587581211421657
CZ032 - Plzeň,25.439837025450586,23.72418891175129,23.747694668596814,24.417672213820754,22.074100011985216,24.544590038760973,25.365866134587503,22.733361969361333,22.504088233277017,23.154710967861426,24.44667314498191,24.71112304499674,23.78914566294583,22.639671110097332,21.349912613083088,23.44315174847418,15.976577276255293,14.084343395413057,14.718667524108916,0.0,27.778925097744295,11.167806126963573,10.970144726499694,12.08161999378395,8.748981912027606,21.097421082632238,16.936605551061586,21.902866923242563,21.07535095895252,17.437127846345007,26.228488205265652,26.792842741726687,26.566409285527957,26.9302018454155,27.246598473820168,27.212154650379134,26.474564044840044,26.085614247966525,26.759833898025207,27.574677081454556,27.574677081454556,26.41342824542507,25.777451996984976,26.12614152193452,26.15831670271979,27.574677081454556,26.182801459460137,24.721575148274205,27.574677081454556,25.734655884410365,23.976015783457413
CZ041 - Karlovy Vary,43.904123174731204,43.4694804404831,43.08397245833278,43.00307476712227,41.12956549617843,43.89073947553219,43.323453866523074,41.68588893393992,42.3762418852181,41.30884066488471,42.84654132646495,43.869630596008165,41.8021780830154,43.23346504064452,40.7836518357918,42.4469743630287,38.60340225726955,35.7843698217461,35.9879489064494,27.778925097744295,0.0,36.97747573113716,35.41742012231792,27.11240692301228,33.93594850051042,41.62473715856192,40.29304416480585,40.033457507166844,41.20442185525166,39.989198134691534,44.989279917880154,45.553634454341186,44.65502246752473,44.831693243311264,45.35123297116589,46.33546879406906,43.31015794337915,42.860988849263656,46.33546879406906,46.33546879406906,45.70892593227188,43.65008086075087,43.93916868144295,44.249577588360204,45.98137869938537,45.64094235692023,44.24765536107743,44.297538841797376,45.57100124571649,45.231456075842544,45.13591502807001
CZ042 - Ústí nad Labem,14.272030898487014,12.556382784787719,13.443853358186008,14.73589224353736,11.620507821060201,15.357769861909517,14.578433845028476,12.515939954414453,12.013952146880834,13.394493614784142,13.902447843714148,13.543316918033169,13.593813479528876,11.47186498313376,12.537926157575203,13.322552644801096,8.022036238921748,4.9990513196590385,11.226532835483907,11.167806126963573,36.97747573113716,0.0,7.554387552730633,10.356891873095712,5.06406819468223,9.929614955668665,5.768799424098013,10.73506079627899,12.608232319802822,8.374485413841134,17.122059665091502,17.812619408695248,17.922275217805385,17.94997851238406,17.28213931788556,17.50688645519685,17.219312452654975,18.594453748423117,18.187032156708444,18.594453748423117,16.71482516303159,17.868673225904686,17.396303692110063,17.030035344141478,16.82400327500466,17.55266409269987,16.50664031543149,17.779281767514444,18.594453748423117,15.650419833152412,17.394899982424068
CZ051 - Liberec,20.225637444476856,17.75780233115383,18.746306496820697,19.355077652763757,16.066662577030677,18.097505746864496,19.733919805268897,16.035200914071797,15.105321399944613,17.459308596948585,18.896083734079312,18.211974175090003,17.65182455235252,17.340928192756962,17.194117774537624,16.520604706197386,9.096470336219827,6.01490636241704,13.979221184316126,10.970144726499694,35.41742012231792,7.554387552730633,0.0,9.534529350016705,7.3466501646857205,11.950508068111017,10.320667185315887,11.559864698563446,16.588678406234003,13.267738293484813,21.399745856625973,21.70348894651105,20.729399140961682,21.671809339416452,21.76169890991171,22.020889870664032,20.82073691873948,22.249580454985534,21.523669957670855,22.745934732814877,22.745934732814877,21.729842001289075,21.24824716242356,21.297399173294842,21.683664448763803,22.051408295666047,19.26624567782883,20.708004780543195,22.745934732814877,20.169905056953013,20.746678456149798
CZ052 - Hradec Králové,16.791716251718924,16.357073517470823,15.971565535320503,15.890667844109988,14.017158573166151,16.77833255251991,16.350350150849152,17.48705899170889,15.263834962205822,14.94111239664298,15.8753814291755,16.75722367299588,14.68977116000312,16.121058117632238,14.525542063166725,15.334567440016423,11.996181073107975,10.871673368569134,11.07983683319453,12.08161999378395,27.11240692301228,10.356891873095712,9.534529350016705,0.0,11.110662406996653,14.512330235549637,13.18063724179357,12.921050584154564,14.88530096804783,12.876791211679258,17.876872994867874,18.44122753132891,18.396143715423168,17.719286320298984,18.4201756884466,19.223061871056778,18.304298474735255,17.14225547364016,19.223061871056778,19.223061871056778,18.5965190092596,17.08191383929079,18.80533648319324,18.013817374210532,19.050321416666076,19.057148292775352,19.404411511349767,18.99682552089543,18.639943962997194,19.03640727194093,19.004560256016752
CZ053 - Pardubice,17.433152907268266,15.71750479356897,15.741010550414495,16.410988095638434,14.067415893802895,16.537905920578652,17.35918201640518,14.726677851179014,14.497404115094696,15.148026849679106,16.43998902679959,16.70443892681442,15.78246154476351,14.632986991915011,13.343228494900767,15.436467630291858,7.969893158072972,6.077659277230737,11.394169668609177,8.748981912027606,33.93594850051042,5.06406819468223,7.3466501646857205,11.110662406996653,0.0,13.090736964449917,8.929921432879265,13.896182805060242,13.0686668407702,9.430443728162688,18.22180408708333,18.786158623544367,18.559725167345636,18.92351772723318,19.239914355637847,19.205470532196813,18.467879926657723,18.078930129784204,18.753149779842886,19.567992963272236,19.567992963272236,18.40674412724275,17.770767878802655,18.1194574037522,18.15163258453747,19.567992963272236,18.176117341277816,16.714891030091884,19.567992963272236,17.727971766228045,15.96933166527509
CZ063 - Vysočina,11.61653014114052,14.099166521437951,14.126004258854763,15.794425933813223,14.914955098417101,14.807320626974871,12.544818256323603,16.083427804448046,15.581439996914426,14.241936545172779,15.339291988082367,12.097221895594908,13.552567524154638,11.931236695003376,15.057572031536697,14.84234623369459,9.538683905699227,7.964665618117618,6.461410071818635,21.097421082632238,41.62473715856192,9.929614955668665,11.950508068111017,14.512330235549637,13.090736964449917,0.0,4.794909115398452,4.827634114961427,6.183168629773149,7.198018000152482,16.739738780771898,16.622797846847945,16.99306510253404,15.51699284635492,17.009086417882994,17.30272120207635,17.66524363315177,14.387044173159167,17.66524363315177,17.66524363315177,17.66524363315177,16.576572849374127,17.66524363315177,17.027887986962956,17.50743402328088,17.514260899390155,17.86152411796457,17.453938127510234,17.097056569611997,17.66524363315177,17.66524363315177
CZ064 - South Moravian,9.904970259160969,11.15701388635005,11.826167183255333,14.427078607726136,12.345494158218601,11.86516799188697,9.602665621235703,14.167411634313293,12.806373823048366,11.621465039247385,13.477186337146028,10.879406323624924,10.610414889066737,9.527591973908725,12.115419396448797,11.90019359860669,10.927101510234387,8.023261583403155,7.9026683128005,16.936605551061586,40.29304416480585,5.768799424098013,10.320667185315887,13.18063724179357,8.929921432879265,4.794909115398452,0.0,4.966261372180977,7.290091841310133,7.334663100139354,15.435232603866163,13.99987258134652,16.800134241779592,13.543224551704046,15.125207693727376,16.25050896825373,15.115431176977554,13.787475064923262,14.86249937881015,15.090165956575126,16.139057870102146,14.443103059840348,15.485689125797645,14.969416638094478,16.41151063721563,16.071074294750492,16.084764153954172,15.677178163499836,16.765600731899323,16.029592253081645,15.684912898621155
CZ071 - Olomouc,10.912182807984738,12.188951105541719,12.21578884295853,13.884210517916989,13.004739682520867,12.897105211078635,10.63460284042737,14.17321238855181,13.671224581018192,12.331721129276545,13.429076572186133,10.213119383864282,11.642352108258404,10.021021279107142,13.147356615640463,12.932130817798356,7.628468489802993,7.818523527829505,8.7050550960168,21.902866923242563,40.033457507166844,10.73506079627899,11.559864698563446,12.921050584154564,13.896182805060242,4.827634114961427,4.966261372180977,0.0,5.028813707670556,5.287802584256248,15.460550328493628,14.712582430951711,16.825451966407055,13.606777430458687,15.098871001986758,16.518481547296894,15.755028217255537,11.807897425932468,15.755028217255537,15.755028217255537,15.755028217255537,14.666357433477893,15.755028217255537,15.117672571066722,15.400938122571846,15.407764998681122,15.755028217255537,15.347442226801201,14.5179098223853,15.755028217255537,15.755028217255537
CZ072 - Zlín,13.05761530615425,13.19534288842301,13.222180625839822,14.890602300798282,14.01113146540216,13.90349699395993,11.640994623308663,15.528207072338269,14.677616363899485,13.338112912157838,14.435468355067426,12.358551882033796,12.648743891139697,11.603101539496311,14.153748398521756,13.938522600679649,10.238781186629573,10.573772043816962,9.848619611524947,21.07535095895252,41.20442185525166,12.608232319802822,16.588678406234003,14.88530096804783,13.0686668407702,6.183168629773149,7.290091841310133,5.028813707670556,0.0,6.294194367137541,15.835915147756957,15.718974213833004,16.969517632791586,14.61316921333998,16.46132376907598,16.720514729828302,16.76142000013683,13.971079647173744,16.76142000013683,16.76142000013683,16.76142000013683,15.672749216359186,16.84648456382262,16.124064353948015,17.091469497295456,17.098296373404732,17.445559591979148,17.03797360152481,16.681092043626574,17.07755535257031,17.045708336646133
CZ080 - Moravian-Silesian,15.638034873708676,14.105181732183242,11.644824460846365,10.55310690110916,12.59662218815541,13.946051068072386,12.882901104387601,10.775188799114161,9.7451514259283,10.825912306747078,9.922994094489582,14.938971449588221,10.65207725108511,14.183521107050737,12.587182282815888,13.98880979406415,10.780546692421993,9.135551330209319,11.29489114799963,17.437127846345007,39.989198134691534,8.374485413841134,13.267738293484813,12.876791211679258,9.430443728162688,7.198018000152482,7.334663100139354,5.287802584256248,6.294194367137541,0.0,15.281136296004126,13.893353787406689,16.646037933917555,12.00224836169454,15.8340538402397,16.016679033689964,11.59242828214053,11.126578428778771,12.913466385469942,16.12709071072184,11.736322059068126,10.545954010764028,12.111312718559038,11.301947181615807,13.385485820419062,15.024419737450716,12.692541318755042,12.284955328300706,15.509122840988319,14.122483091957656,14.603715443381908
SE110 - Stockholm,15.657048667505185,15.29433987162583,15.171390511861201,15.775650892838739,15.775650892838739,15.32802439789537,15.173247907329543,15.488048014892607,15.775650892838739,15.73231789172508,15.61524043455809,15.696107725159354,15.588711069702505,15.493650551618325,15.775650892838739,14.840916654607884,13.566489025181736,15.384839494208931,22.094354359614023,26.228488205265652,44.989279917880154,17.122059665091502,21.399745856625973,17.876872994867874,18.22180408708333,16.739738780771898,15.435232603866163,15.460550328493628,15.835915147756957,15.281136296004126,0.0,10.042199068167694,5.152889667148168,10.405023925846614,10.8544717783229,8.887724702405706,12.200283523841573,15.279296615009395,15.368229301124064,14.100216117514542,15.149108031041564,14.541824004557409,15.476113378760475,13.284169730464276,15.421560798155047,6.746807209903947,13.091861546024557,12.51496296920405,14.246715796133595,13.199621216976873,12.176989594841594
SE121 - Uppsala,9.204159584199509,12.350595388335606,9.255469570427797,6.9780460044464965,9.176874012906987,7.260591557402059,9.783736783357597,10.503554094783146,7.881275900264765,7.192051305079233,8.78280587964609,11.092079588038116,9.19964790993222,10.066734262095714,6.868272180027273,7.7792171423380765,12.607018610291224,15.68858258409401,21.90254089414702,26.792842741726687,45.553634454341186,17.812619408695248,21.70348894651105,18.44122753132891,18.786158623544367,16.622797846847945,13.99987258134652,14.712582430951711,15.718974213833004,13.893353787406689,10.042199068167694,0.0,11.626412324301398,3.331521762280746,3.8324473399231413,10.421357111646492,4.877315781699077,7.767588138011509,5.326030232956369,8.712472164226355,7.036509057550826,7.050114191388936,5.4339143105927805,4.5502759689576635,5.379361729987353,3.7365242852230125,13.752806883250816,7.763847480658019,4.708372829742515,6.668504818141988,5.037252780885746
SE122 - Södermanland,17.021950305418613,16.65924150953926,16.536292149774628,17.140552530752167,17.140552530752167,16.692926035808796,16.53814954524297,16.852949652806036,17.140552530752167,17.097219529638508,16.98014207247152,17.061009363072785,16.953612707615935,16.858552189531753,17.140552530752167,16.20581829252131,14.931390663095165,16.46226759681712,22.979164670828073,26.566409285527957,44.65502246752473,17.922275217805385,20.729399140961682,18.396143715423168,18.559725167345636,16.99306510253404,16.800134241779592,16.825451966407055,16.969517632791586,16.646037933917555,5.152889667148168,11.626412324301398,0.0,11.76992556376004,13.499645216075978,11.80844872768705,13.565185161755004,16.644198252922823,16.733130939037494,15.796195469516702,16.51400966895499,15.906725642470837,16.841015016673904,14.649071368377705,16.786462436068476,9.545457535177231,14.781008993597734,13.879864607117478,15.796195469516702,15.796195469516702,14.596641703517653
SE123 - Östergötland,10.1712724602513,12.84013867439292,9.745012856485111,6.642997616373089,9.435905792909066,6.983151515582236,9.428086515497842,10.596880990135515,7.968579793741972,6.947999593294146,9.272349165703405,10.99263166950944,8.796764421975645,11.30041512357158,7.282072318072615,6.937038416580235,12.575339003196625,15.656902976999412,20.765056286559396,26.9302018454155,44.831693243311264,17.94997851238406,21.671809339416452,17.719286320298984,18.92351772723318,15.51699284635492,13.543224551704046,13.606777430458687,14.61316921333998,12.00224836169454,10.405023925846614,3.331521762280746,11.76992556376004,0.0,3.8318054785451614,10.231279469078896,5.157105849403221,6.126938260822511,5.222487585246528,8.462501392960817,6.444752360390551,5.358990654688752,5.071089452913863,3.10379190429063,5.382482076339477,4.461275451163612,15.189757134328158,8.190031552526134,5.465459733358295,5.2174478062629746,3.8308197497127705
SE124 - Örebro,9.921401443882445,12.2738710296194,9.17874521171159,7.159266314852233,9.688839708401126,7.056791620678522,11.210870652690907,10.575271191235899,10.376207930796745,7.354285792194069,10.470596562017018,11.195774768959401,8.54689340560679,11.050544107202725,7.612635225623479,7.343324615480158,12.665228573691882,15.74679254749467,23.003196643851506,27.246598473820168,45.35123297116589,17.28213931788556,21.76169890991171,18.4201756884466,19.239914355637847,17.009086417882994,15.125207693727376,15.098871001986758,16.46132376907598,15.8340538402397,10.8544717783229,3.8324473399231413,13.499645216075978,3.8318054785451614,0.0,11.098695499684831,7.498366379128362,7.7988109733411,5.18062140938319,10.122692126249682,8.056214142948473,8.990814244221948,6.618654339800036,6.490976021790676,5.801368989221797,4.687083339927629,17.189708454481135,9.931029460189357,4.812868781432044,6.153642281504497,6.018175601957514
SE125 - Västmanland,16.498128491469117,16.019698618724572,16.215642967772276,16.55910572326079,16.676031829469448,16.435002178346096,15.973228346375386,16.24462751255025,16.676031829469448,16.63269882835579,16.5156213711888,16.51694549411068,16.676031829469448,16.441031545119102,16.59191339070767,15.965633808413997,15.887045448163375,16.37457185883165,23.262387604603827,27.212154650379134,46.33546879406906,17.50688645519685,22.020889870664032,19.223061871056778,19.205470532196813,17.30272120207635,16.25050896825373,16.518481547296894,16.720514729828302,16.016679033689964,8.887724702405706,10.421357111646492,11.80844872768705,10.231279469078896,11.098695499684831,0.0,13.100664460472284,12.7051976068347,15.453767054325425,16.676031829469448,16.676031829469448,14.861580523173375,13.680656688686817,12.562190840432544,15.613761545418374,8.341714583683487,14.936187301976425,12.600171924926087,9.795823894296296,14.836010632425257,12.27766802080627
SE211 - Jönköping,9.485135574405176,13.364207549484089,10.26908173157628,7.167066491464258,9.959974668000235,7.712948835947301,11.00029314077135,10.787472585158943,7.651862235582337,7.566487186117113,9.796418040794574,11.85193198422818,8.89578602562325,10.790901351512897,6.263537021396647,7.555526009403202,11.724266582519654,14.80583055632244,22.88731943014016,26.474564044840044,43.31015794337915,17.219312452654975,20.82073691873948,18.304298474735255,18.467879926657723,17.66524363315177,15.115431176977554,15.755028217255537,16.76142000013683,11.59242828214053,12.200283523841573,4.877315781699077,13.565185161755004,5.157105849403221,7.498366379128362,13.100664460472284,0.0,5.05791314572113,4.716446781737818,7.352856501213757,6.325649960533444,4.656354758741056,8.354311249290022,4.326283894085437,9.742893658470482,5.453476313937627,12.060495710773903,4.801816716482125,7.761408485409897,6.685854836718279,6.85241254984072
SE212 - Kronoberg,9.592540055361,12.921555512132658,9.82642969422485,6.724414454112827,10.008445583279995,7.835136430527939,12.159756627958762,11.456181304854256,11.579573382973296,8.32388668377781,9.353766003443143,11.416025602325181,10.176945876731255,10.898305832468722,7.899886671562915,7.662930490359027,13.153110118765706,16.234674092568493,20.512952521949266,26.085614247966525,42.860988849263656,18.594453748423117,22.249580454985534,17.14225547364016,18.078930129784204,14.387044173159167,13.787475064923262,11.807897425932468,13.971079647173744,11.126578428778771,15.279296615009395,7.767588138011509,16.644198252922823,6.126938260822511,7.7988109733411,12.7051976068347,5.05791314572113,0.0,7.164067100698817,12.410769646934886,6.452605611781466,4.450645363229533,6.828989665477055,5.44818188485235,8.652989360997756,8.532489405105448,13.033653096140394,7.56659724388237,10.651680841722328,9.57612719303071,9.223886068417164
SE213 - Kalmar,9.445343539400733,12.284577700932648,9.189451883024839,6.087436642912817,9.371467772079985,7.305527244232626,11.221577324004155,11.048759713139582,10.386914602109993,7.219186604289155,10.481303233330266,11.444510392513505,8.070835501125078,10.574486202721014,7.6233418969367275,7.145231053190631,12.427199621451027,15.508763595253814,22.76516769161065,26.759833898025207,46.33546879406906,18.187032156708444,21.523669957670855,19.223061871056778,18.753149779842886,17.66524363315177,14.86249937881015,15.755028217255537,16.76142000013683,12.913466385469942,15.368229301124064,5.326030232956369,16.733130939037494,5.222487585246528,5.18062140938319,15.453767054325425,4.716446781737818,7.164067100698817,0.0,8.106997510302804,5.135626688178715,6.07022678945219,5.2368260523162995,4.099187908644389,6.625408461496758,8.621422091220117,15.00462119906044,8.153034999004014,6.161699510796895,6.190158580331791,3.734927352866996
SE214 - Gotland,10.585248611019688,12.238829292467148,10.214877868905997,6.5093926592819535,11.001154138938682,7.609650414037292,10.975027920368921,11.887585621773455,9.099275878236407,8.666600222731626,9.183498736567127,12.408734157983869,8.839930276088928,11.89101438812741,7.325238172185898,8.655639046017715,13.64946439659505,16.731028370397837,22.311997691430477,27.574677081454556,46.33546879406906,18.594453748423117,22.745934732814877,19.223061871056778,19.567992963272236,17.66524363315177,15.090165956575126,15.755028217255537,16.76142000013683,16.12709071072184,14.100216117514542,8.712472164226355,15.796195469516702,8.462501392960817,10.122692126249682,16.676031829469448,7.352856501213757,12.410769646934886,8.106997510302804,0.0,12.150392478999223,9.283851114704087,11.606253118123995,10.158758549268692,12.3412079185425,11.319898891147083,12.784519606625071,8.966891789995394,8.81667291247814,10.827448526731708,8.60526313859738
SE221 - Blekinge,11.263330227891604,13.28772120599417,10.19259538808636,7.558284572808975,9.883488324510317,7.981658964036865,12.224720829065678,10.829638443057082,11.390058107171516,8.063509515842146,11.484446738391789,11.225389122431004,9.916568708795591,12.392472891211884,8.626485401998249,7.673897173692814,13.64946439659505,16.731028370397837,22.734346743160323,27.574677081454556,45.70892593227188,16.71482516303159,22.745934732814877,18.5965190092596,19.567992963272236,17.66524363315177,16.139057870102146,15.755028217255537,16.76142000013683,11.736322059068126,15.149108031041564,7.036509057550826,16.51400966895499,6.444752360390551,8.056214142948473,16.676031829469448,6.325649960533444,6.452605611781466,5.135626688178715,12.150392478999223,0.0,4.190268195293869,4.79520888122109,5.910025082841749,6.183791290401548,8.402300821137615,14.473915813544455,8.906236285532708,7.731283143697091,6.7825058627484305,6.825875746090681
